100001	3	9

100001	2	10

100001	5	13

100001	1	9

100001	4	14

100001	1	11

100001	1	11

100001	4	15

100001	7	10

100001	7	11

100001	0	15

100001	6	13

100001	3	11

100001	7	10

100001	3	11

100001	7	12

100002	2	8

100002	3	14

100002	0	12

100002	5	14

100002	7	11

100002	1	10

100002	6	9

100002	2	15

100002	4	9

100002	7	13

100002	0	9

100002	6	9

100002	1	10

100002	5	9

100002	2	15

100002	1	10

100003	3	10

100003	7	14

100003	1	8

100003	0	13

100003	3	10

100003	5	10

100003	2	13

100003	7	14

100003	0	13

100003	5	10

100003	7	11

100003	1	12

100003	5	10

100003	6	14

100003	4	13

100003	7	11

100004	5	10

100004	2	10

100004	1	10

100004	7	10

100004	2	8

100004	3	9

100004	7	10

100004	5	10

100004	5	10

100004	7	10

100004	2	13

100004	7	10

100004	7	10

100004	6	13

100004	3	9

100004	5	10

100005	3	15

100005	4	11

100005	4	11

100005	7	10

100005	4	11

100005	0	10

100005	1	10

100005	6	14

100005	0	10

100005	2	12

100005	3	10

100005	5	10

100005	0	10

100005	3	15

100005	2	8

100005	5	10

100006	0	9

100006	4	11

100006	5	11

100006	7	10

100006	7	13

100006	4	14

100006	3	8

100006	7	10

100006	1	12

100006	7	13

100006	7	10

100006	0	10

100006	0	15

100006	6	14

100006	0	10

100006	2	10

100007	5	8

100007	7	9

100007	1	8

100007	7	15

100007	5	8

100007	6	11

100007	1	8

100007	4	8

100007	4	8

100007	2	8

100007	4	12

100007	0	8

100007	1	8

100007	7	9

100007	1	8

100007	3	8

100008	2	13

100008	3	15

100008	1	9

100008	3	10

100008	5	13

100008	4	13

100008	2	13

100008	5	13

100008	0	13

100008	7	13

100008	5	13

100008	1	12

100008	2	13

100008	7	8

100008	3	15

100008	7	13

100009	5	14

100009	0	14

100009	7	9

100009	0	14

100009	3	14

100009	3	14

100009	6	14

100009	3	14

100009	3	14

100009	6	12

100009	5	9

100009	3	14

100009	1	9

100009	2	9

100009	0	9

100009	2	9

100010	4	14

100010	6	12

100010	3	13

100010	3	13

100010	4	15

100010	6	12

100010	4	14

100010	1	14

100010	6	11

100010	2	15

100010	1	15

100010	7	12

100010	5	13

100010	7	13

100010	2	15

100010	6	12

100011	4	10

100011	6	11

100011	4	10

100011	1	8

100011	0	14

100011	1	8

100011	6	10

100011	1	15

100011	1	15

100011	4	10

100011	0	9

100011	4	10

100011	3	8

100011	5	13

100011	6	15

100011	7	11

100012	6	14

100012	6	15

100012	2	15

100012	4	15

100012	7	15

100012	6	14

100012	4	9

100012	0	14

100012	6	15

100012	0	14

100012	6	14

100012	5	14

100012	4	9

100012	6	14

100012	5	14

100012	7	9

100013	5	11

100013	7	13

100013	0	10

100013	5	13

100013	5	10

100013	2	10

100013	7	8

100013	4	8

100013	3	13

100013	1	14

100013	7	8

100013	5	8

100013	2	9

100013	2	10

100013	7	9

100013	3	10

100014	4	15

100014	3	12

100014	1	11

100014	7	11

100014	2	11

100014	2	11

100014	5	12

100014	3	12

100014	0	13

100014	2	11

100014	7	11

100014	4	12

100014	7	11

100014	2	11

100014	1	11

100014	6	13

100015	7	9

100015	7	13

100015	2	11

100015	3	12

100015	2	11

100015	1	14

100015	5	10

100015	1	10

100015	6	11

100015	6	11

100015	1	14

100015	6	11

100015	6	11

100015	4	14

100015	6	11

100015	5	10

100016	5	12

100016	2	14

100016	6	14

100016	4	13

100016	6	11

100016	5	10

100016	4	13

100016	0	15

100016	4	11

100016	1	15

100016	5	12

100016	2	11

100016	2	14

100016	0	15

100016	1	10

100016	7	15

100017	4	12

100017	5	12

100017	5	12

100017	1	12

100017	4	12

100017	6	9

100017	1	12

100017	2	12

100017	7	14

100017	2	12

100017	4	12

100017	3	14

100017	3	14

100017	4	12

100017	2	12

100017	3	14

100018	5	9

100018	1	9

100018	0	9

100018	6	9

100018	7	9

100018	1	9

100018	6	9

100018	5	9

100018	3	9

100018	6	9

100018	7	9

100018	2	9

100018	2	9

100018	2	9

100018	6	9

100018	4	9

100019	1	13

100019	0	12

100019	7	11

100019	6	15

100019	6	9

100019	5	15

100019	6	12

100019	2	8

100019	1	11

100019	2	10

100019	6	14

100019	0	12

100019	0	15

100019	0	10

100019	4	10

100019	3	9

100020	6	11

100020	7	15

100020	5	15

100020	3	9

100020	0	8

100020	7	10

100020	4	11

100020	4	13

100020	5	8

100020	0	8

100020	4	13

100020	7	13

100020	6	12

100020	7	9

100020	3	10

100020	1	15

100021	3	9

100021	5	15

100021	5	15

100021	3	9

100021	7	13

100021	4	15

100021	3	13

100021	5	15

100021	6	10

100021	7	11

100021	6	10

100021	3	9

100021	0	15

100021	0	11

100021	2	12

100021	3	11

100022	3	12

100022	5	10

100022	4	11

100022	6	11

100022	6	11

100022	3	10

100022	0	11

100022	3	12

100022	1	12

100022	0	11

100022	3	10

100022	7	14

100022	6	12

100022	2	8

100022	1	12

100022	3	10

100023	5	14

100023	1	8

100023	5	14

100023	6	14

100023	3	14

100023	2	8

100023	7	8

100023	1	8

100023	0	8

100023	0	8

100023	4	8

100023	5	14

100023	6	13

100023	4	8

100023	7	8

100023	0	8

100024	2	14

100024	1	14

100024	4	9

100024	3	13

100024	6	14

100024	4	9

100024	6	15

100024	4	9

100024	4	9

100024	7	9

100024	3	13

100024	2	8

100024	3	9

100024	6	14

100024	1	10

100024	1	12

100025	6	15

100025	2	11

100025	5	14

100025	1	13

100025	6	13

100025	0	11

100025	3	11

100025	3	9

100025	2	14

100025	6	14

100025	4	15

100025	4	13

100025	6	11

100025	3	12

100025	1	13

100025	1	8

100026	7	13

100026	0	11

100026	3	8

100026	1	13

100026	3	8

100026	7	8

100026	7	12

100026	1	12

100026	7	8

100026	3	12

100026	7	13

100026	5	13

100026	7	12

100026	4	10

100026	4	10

100026	1	8

100027	7	9

100027	7	9

100027	2	9

100027	7	9

100027	7	9

100027	7	9

100027	3	15

100027	6	10

100027	0	9

100027	6	12

100027	3	14

100027	4	9

100027	6	12

100027	1	10

100027	5	9

100027	5	9

100028	2	12

100028	6	9

100028	6	9

100028	4	8

100028	4	14

100028	5	8

100028	7	13

100028	1	11

100028	4	9

100028	3	12

100028	6	8

100028	2	13

100028	5	8

100028	2	13

100028	7	11

100028	5	9

100029	3	14

100029	5	13

100029	1	9

100029	0	14

100029	1	14

100029	6	14

100029	6	14

100029	4	10

100029	4	10

100029	0	9

100029	3	14

100029	6	14

100029	1	10

100029	2	8

100029	7	14

100029	3	9

100030	4	10

100030	6	12

100030	6	12

100030	7	9

100030	0	10

100030	3	12

100030	5	12

100030	2	9

100030	2	9

100030	1	15

100030	6	12

100030	4	15

100030	0	10

100030	3	12

100030	0	15

100030	4	12

100031	1	13

100031	0	11

100031	6	14

100031	5	11

100031	7	14

100031	1	8

100031	0	14

100031	2	10

100031	0	8

100031	1	9

100031	4	11

100031	5	14

100031	6	11

100031	0	14

100031	4	14

100031	0	11

100032	3	9

100032	6	8

100032	0	9

100032	4	12

100032	2	9

100032	4	12

100032	0	9

100032	1	14

100032	6	11

100032	6	8

100032	3	13

100032	3	13

100032	1	14

100032	6	8

100032	4	12

100032	2	9

100033	3	10

100033	1	12

100033	3	8

100033	7	11

100033	1	12

100033	2	8

100033	2	10

100033	5	8

100033	5	8

100033	4	14

100033	0	12

100033	7	11

100033	5	8

100033	1	12

100033	1	12

100033	6	8

100034	0	15

100034	6	8

100034	0	15

100034	5	14

100034	6	8

100034	0	9

100034	7	8

100034	7	8

100034	3	8

100034	7	8

100034	3	8

100034	1	9

100034	6	8

100034	3	8

100034	6	8

100034	1	9

100035	3	10

100035	7	15

100035	0	8

100035	0	12

100035	4	15

100035	6	8

100035	4	15

100035	1	14

100035	7	14

100035	7	14

100035	7	12

100035	7	15

100035	6	10

100035	6	8

100035	1	15

100035	3	8

100036	0	13

100036	6	12

100036	6	10

100036	4	8

100036	6	12

100036	7	8

100036	6	12

100036	4	8

100036	0	13

100036	7	8

100036	3	12

100036	0	10

100036	0	9

100036	5	8

100036	6	10

100036	6	9

100037	4	10

100037	5	9

100037	1	12

100037	6	10

100037	4	10

100037	6	10

100037	5	15

100037	0	12

100037	4	10

100037	5	11

100037	4	10

100037	2	15

100037	5	9

100037	5	9

100037	4	10

100037	6	10

100038	6	10

100038	7	11

100038	3	9

100038	6	12

100038	6	10

100038	2	8

100038	3	9

100038	6	15

100038	2	8

100038	1	15

100038	2	8

100038	5	13

100038	5	10

100038	5	13

100038	3	9

100038	4	8

100039	3	15

100039	4	8

100039	0	9

100039	5	15

100039	0	14

100039	0	9

100039	3	13

100039	3	11

100039	2	9

100039	2	14

100039	0	13

100039	1	8

100039	1	8

100039	1	10

100039	3	11

100039	1	8

100040	6	13

100040	0	14

100040	1	13

100040	5	13

100040	3	11

100040	7	13

100040	6	10

100040	1	13

100040	5	13

100040	1	14

100040	2	10

100040	4	14

100040	6	13

100040	7	13

100040	4	12

100040	0	8

100041	2	14

100041	6	15

100041	6	13

100041	4	12

100041	3	14

100041	7	10

100041	2	15

100041	5	15

100041	2	13

100041	3	15

100041	3	15

100041	1	13

100041	5	15

100041	0	15

100041	4	12

100041	6	14

100042	6	11

100042	4	11

100042	1	11

100042	5	11

100042	3	11

100042	4	11

100042	4	11

100042	1	11

100042	6	11

100042	7	11

100042	6	11

100042	4	11

100042	0	11

100042	0	11

100042	7	11

100042	3	11

100043	6	13

100043	3	10

100043	6	13

100043	5	11

100043	1	12

100043	1	15

100043	1	10

100043	2	10

100043	3	15

100043	3	10

100043	0	10

100043	6	9

100043	2	10

100043	3	12

100043	7	8

100043	7	9

100044	1	15

100044	1	10

100044	4	13

100044	4	13

100044	1	10

100044	4	15

100044	2	8

100044	5	8

100044	3	8

100044	7	8

100044	2	13

100044	2	10

100044	2	10

100044	2	8

100044	4	8

100044	5	10

100045	4	13

100045	6	15

100045	0	11

100045	2	14

100045	1	12

100045	6	15

100045	4	11

100045	4	13

100045	5	12

100045	0	11

100045	1	11

100045	7	13

100045	2	13

100045	7	14

100045	0	11

100045	4	11

100046	6	15

100046	0	11

100046	0	10

100046	2	8

100046	4	15

100046	7	9

100046	5	11

100046	2	13

100046	6	15

100046	0	11

100046	4	15

100046	3	15

100046	3	15

100046	7	13

100046	1	13

100046	7	9

100047	4	9

100047	4	9

100047	1	9

100047	1	15

100047	4	9

100047	0	9

100047	6	9

100047	3	13

100047	4	9

100047	6	9

100047	3	12

100047	7	11

100047	2	9

100047	4	9

100047	0	9

100047	7	13

100048	7	15

100048	6	9

100048	3	15

100048	2	9

100048	4	14

100048	0	9

100048	3	15

100048	6	9

100048	4	9

100048	3	15

100048	5	9

100048	5	9

100048	0	9

100048	6	9

100048	4	14

100048	6	9

100049	4	13

100049	0	10

100049	2	12

100049	1	12

100049	5	13

100049	1	10

100049	4	13

100049	6	12

100049	5	13

100049	6	13

100049	3	10

100049	0	11

100049	3	10

100049	5	10

100049	7	14

100049	6	13

100050	0	14

100050	1	15

100050	4	14

100050	2	14

100050	7	14

100050	6	14

100050	4	14

100050	0	14

100050	0	14

100050	4	14

100050	1	8

100050	1	11

100050	4	14

100050	2	14

100050	2	14

100050	6	14

100051	1	14

100051	2	12

100051	0	12

100051	2	12

100051	2	12

100051	1	14

100051	3	12

100051	4	12

100051	2	12

100051	6	11

100051	1	14

100051	4	12

100051	3	12

100051	5	12

100051	4	12

100051	1	13

100052	7	11

100052	6	13

100052	2	13

100052	0	13

100052	2	13

100052	4	11

100052	5	13

100052	7	10

100052	7	11

100052	1	13

100052	1	13

100052	6	13

100052	0	15

100052	7	14

100052	4	13

100052	7	14

100053	4	12

100053	7	14

100053	1	10

100053	6	9

100053	2	10

100053	0	12

100053	5	11

100053	2	11

100053	4	12

100053	1	10

100053	5	11

100053	5	14

100053	1	10

100053	1	10

100053	2	14

100053	6	12

100054	2	15

100054	3	14

100054	1	11

100054	6	12

100054	0	12

100054	1	15

100054	4	8

100054	6	8

100054	1	10

100054	7	10

100054	5	10

100054	7	11

100054	6	8

100054	3	14

100054	5	9

100054	0	9

100055	4	15

100055	2	15

100055	2	13

100055	5	15

100055	6	15

100055	7	12

100055	7	13

100055	7	12

100055	5	8

100055	0	15

100055	7	11

100055	7	9

100055	3	15

100055	7	9

100055	3	15

100055	5	8

100056	1	10

100056	5	10

100056	6	9

100056	4	10

100056	3	9

100056	3	9

100056	5	10

100056	1	10

100056	4	10

100056	7	8

100056	6	14

100056	1	10

100056	1	10

100056	2	10

100056	1	10

100056	6	9

100057	2	15

100057	7	15

100057	4	13

100057	1	9

100057	2	15

100057	0	9

100057	1	13

100057	5	13

100057	4	9

100057	6	9

100057	4	13

100057	1	9

100057	1	9

100057	7	12

100057	7	11

100057	5	9

100058	4	8

100058	3	8

100058	2	9

100058	4	11

100058	7	8

100058	4	8

100058	7	8

100058	4	8

100058	3	8

100058	4	8

100058	3	8

100058	7	8

100058	1	8

100058	5	8

100058	3	8

100058	2	14

100059	4	15

100059	5	15

100059	2	15

100059	2	15

100059	5	15

100059	3	15

100059	0	15

100059	5	15

100059	2	15

100059	2	14

100059	5	15

100059	6	15

100059	1	13

100059	6	15

100059	7	15

100059	1	13

100060	1	15

100060	0	12

100060	5	15

100060	0	10

100060	7	12

100060	3	10

100060	5	15

100060	4	12

100060	2	12

100060	4	12

100060	7	15

100060	2	10

100060	6	12

100060	7	10

100060	4	15

100060	2	12

100061	2	9

100061	1	9

100061	4	9

100061	6	15

100061	7	9

100061	7	9

100061	3	10

100061	1	13

100061	4	9

100061	4	9

100061	7	9

100061	7	9

100061	4	9

100061	6	15

100061	3	8

100061	4	9

100062	7	8

100062	6	14

100062	1	14

100062	6	14

100062	0	12

100062	6	14

100062	1	14

100062	0	11

100062	4	14

100062	0	11

100062	4	14

100062	1	14

100062	0	11

100062	1	14

100062	1	14

100062	5	14

100063	6	8

100063	4	8

100063	3	8

100063	1	8

100063	7	8

100063	2	8

100063	0	8

100063	3	8

100063	5	8

100063	4	8

100063	5	8

100063	6	8

100063	4	8

100063	0	8

100063	2	8

100063	2	8

100064	3	13

100064	3	13

100064	3	14

100064	4	14

100064	5	10

100064	4	14

100064	6	10

100064	1	14

100064	1	14

100064	1	13

100064	1	14

100064	2	8

100064	2	9

100064	6	10

100064	0	10

100064	6	10

100065	1	11

100065	5	13

100065	6	10

100065	6	13

100065	7	10

100065	7	10

100065	4	9

100065	0	8

100065	6	13

100065	5	14

100065	0	15

100065	6	13

100065	0	8

100065	5	10

100065	7	14

100065	6	13

100066	6	15

100066	0	9

100066	0	9

100066	6	14

100066	5	14

100066	0	12

100066	5	14

100066	1	11

100066	1	11

100066	0	9

100066	2	9

100066	7	15

100066	5	15

100066	1	10

100066	7	14

100066	0	9

100067	3	8

100067	7	8

100067	4	9

100067	5	8

100067	4	15

100067	6	10

100067	1	8

100067	3	8

100067	1	8

100067	1	8

100067	0	8

100067	4	9

100067	0	8

100067	7	8

100067	6	10

100067	0	8

100068	0	10

100068	4	9

100068	1	9

100068	3	9

100068	3	9

100068	6	9

100068	7	10

100068	5	12

100068	5	9

100068	0	10

100068	1	12

100068	0	10

100068	2	10

100068	3	9

100068	5	12

100068	6	12

100069	4	10

100069	1	10

100069	1	10

100069	7	14

100069	7	10

100069	5	11

100069	2	10

100069	2	14

100069	4	14

100069	0	12

100069	2	10

100069	1	14

100069	3	10

100069	2	10

100069	4	10

100069	1	14

100070	1	8

100070	6	14

100070	5	8

100070	7	8

100070	7	8

100070	1	8

100070	5	11

100070	4	15

100070	4	12

100070	1	8

100070	2	8

100070	5	13

100070	5	13

100070	2	8

100070	7	8

100070	2	8

100071	7	14

100071	6	10

100071	2	13

100071	1	11

100071	3	12

100071	6	12

100071	6	10

100071	7	11

100071	0	10

100071	6	12

100071	6	10

100071	4	14

100071	7	8

100071	3	12

100071	2	15

100071	0	12

100072	4	14

100072	1	14

100072	1	14

100072	4	14

100072	7	14

100072	7	14

100072	1	14

100072	6	14

100072	5	13

100072	0	11

100072	5	14

100072	7	14

100072	1	14

100072	4	14

100072	7	14

100072	3	14

100073	4	10

100073	3	10

100073	7	10

100073	0	10

100073	5	10

100073	4	10

100073	6	10

100073	6	10

100073	4	10

100073	6	10

100073	0	10

100073	5	10

100073	2	10

100073	2	10

100073	2	10

100073	6	10

100074	2	15

100074	6	11

100074	1	12

100074	0	10

100074	7	8

100074	6	10

100074	4	14

100074	2	14

100074	4	14

100074	1	10

100074	4	14

100074	6	8

100074	0	10

100074	7	11

100074	3	15

100074	2	14

100075	5	13

100075	2	9

100075	3	13

100075	7	12

100075	4	12

100075	5	13

100075	4	13

100075	7	12

100075	1	14

100075	5	12

100075	0	13

100075	6	13

100075	0	10

100075	0	9

100075	2	10

100075	3	13

100076	1	9

100076	1	9

100076	4	12

100076	3	13

100076	1	13

100076	1	13

100076	5	14

100076	1	9

100076	3	13

100076	2	15

100076	0	10

100076	3	15

100076	0	12

100076	7	13

100076	1	13

100076	0	10

100077	3	11

100077	5	10

100077	3	13

100077	5	10

100077	3	12

100077	4	13

100077	2	13

100077	5	10

100077	7	10

100077	7	10

100077	2	15

100077	5	10

100077	7	10

100077	4	8

100077	4	9

100077	7	10

100078	4	15

100078	1	14

100078	0	10

100078	1	15

100078	1	12

100078	7	10

100078	1	15

100078	1	14

100078	5	10

100078	2	10

100078	2	11

100078	6	10

100078	4	14

100078	2	11

100078	1	15

100078	7	10

100079	4	14

100079	1	12

100079	3	14

100079	0	8

100079	6	12

100079	4	14

100079	5	14

100079	7	14

100079	5	14

100079	0	8

100079	1	15

100079	0	8

100079	3	15

100079	3	15

100079	0	8

100079	0	8

100080	7	9

100080	7	8

100080	2	14

100080	5	11

100080	1	11

100080	1	8

100080	6	8

100080	5	8

100080	6	11

100080	5	11

100080	7	8

100080	0	9

100080	6	8

100080	7	8

100080	7	8

100080	6	8

100081	2	8

100081	5	10

100081	6	15

100081	0	9

100081	3	10

100081	5	10

100081	4	8

100081	6	9

100081	0	9

100081	2	8

100081	2	8

100081	4	8

100081	7	8

100081	2	8

100081	1	12

100081	3	11

100082	6	10

100082	4	10

100082	4	10

100082	5	10

100082	3	8

100082	3	14

100082	3	13

100082	0	15

100082	0	13

100082	1	14

100082	4	10

100082	4	10

100082	6	15

100082	7	8

100082	3	14

100082	2	8

100083	6	12

100083	0	12

100083	1	12

100083	7	12

100083	3	13

100083	5	12

100083	7	12

100083	0	12

100083	0	12

100083	5	12

100083	2	12

100083	1	12

100083	5	12

100083	6	12

100083	6	12

100083	6	12

100084	6	14

100084	4	14

100084	4	14

100084	5	14

100084	7	14

100084	7	14

100084	2	14

100084	7	14

100084	7	14

100084	0	13

100084	3	11

100084	6	14

100084	7	14

100084	5	14

100084	1	13

100084	2	14

100085	1	12

100085	1	12

100085	3	12

100085	7	12

100085	4	12

100085	4	12

100085	4	12

100085	0	12

100085	0	12

100085	2	12

100085	5	13

100085	7	12

100085	5	8

100085	5	13

100085	5	11

100085	0	12

100086	2	15

100086	4	10

100086	0	15

100086	1	15

100086	7	15

100086	1	15

100086	7	15

100086	3	15

100086	1	15

100086	5	8

100086	5	8

100086	3	15

100086	6	14

100086	1	15

100086	4	14

100086	7	15

100087	1	14

100087	5	14

100087	3	13

100087	0	11

100087	0	11

100087	6	14

100087	0	12

100087	3	14

100087	2	14

100087	6	14

100087	4	11

100087	4	9

100087	6	14

100087	2	13

100087	7	11

100087	3	14

100088	3	14

100088	3	12

100088	4	8

100088	0	15

100088	2	12

100088	6	15

100088	3	10

100088	6	15

100088	2	15

100088	4	12

100088	7	15

100088	5	15

100088	0	15

100088	6	15

100088	7	15

100088	4	12

100089	1	13

100089	1	15

100089	5	15

100089	1	13

100089	2	10

100089	2	10

100089	7	8

100089	1	13

100089	1	13

100089	6	13

100089	5	15

100089	1	13

100089	5	15

100089	7	15

100089	0	14

100089	0	12

100090	5	14

100090	2	14

100090	6	14

100090	7	14

100090	5	15

100090	0	10

100090	3	15

100090	0	15

100090	4	15

100090	4	10

100090	0	15

100090	2	14

100090	7	10

100090	3	11

100090	4	10

100090	1	15

100091	7	14

100091	0	10

100091	3	9

100091	0	10

100091	4	9

100091	1	15

100091	4	14

100091	6	9

100091	7	9

100091	7	9

100091	5	8

100091	6	9

100091	2	9

100091	6	10

100091	1	15

100091	4	9

100092	0	11

100092	2	8

100092	1	12

100092	7	8

100092	5	14

100092	5	14

100092	2	12

100092	3	10

100092	7	14

100092	2	10

100092	4	10

100092	3	8

100092	4	10

100092	0	14

100092	1	10

100092	5	14

100093	0	8

100093	1	8

100093	1	13

100093	2	8

100093	2	8

100093	1	13

100093	2	8

100093	7	8

100093	1	8

100093	7	9

100093	7	8

100093	4	8

100093	2	8

100093	5	9

100093	0	8

100093	1	8

100094	4	10

100094	1	12

100094	1	12

100094	4	10

100094	5	10

100094	1	12

100094	0	12

100094	5	10

100094	7	12

100094	4	10

100094	0	12

100094	3	12

100094	6	9

100094	7	12

100094	6	13

100094	7	12

100095	7	9

100095	7	11

100095	0	13

100095	6	10

100095	5	11

100095	4	12

100095	7	11

100095	6	12

100095	3	11

100095	7	10

100095	3	11

100095	3	9

100095	0	15

100095	4	11

100095	3	11

100095	5	12

100096	4	11

100096	3	15

100096	2	9

100096	2	9

100096	7	11

100096	2	9

100096	5	12

100096	7	11

100096	3	13

100096	7	11

100096	5	12

100096	3	12

100096	6	11

100096	6	11

100096	4	11

100096	6	11

100097	2	10

100097	2	12

100097	7	8

100097	5	12

100097	2	12

100097	0	12

100097	6	9

100097	7	10

100097	2	12

100097	6	9

100097	2	10

100097	4	12

100097	2	10

100097	6	9

100097	0	9

100097	4	10

100098	3	12

100098	1	10

100098	5	10

100098	2	12

100098	1	12

100098	4	8

100098	3	12

100098	5	9

100098	7	12

100098	7	12

100098	6	8

100098	1	15

100098	7	12

100098	3	12

100098	6	10

100098	7	12

100099	7	15

100099	6	8

100099	6	8

100099	4	8

100099	5	8

100099	2	12

100099	7	13

100099	6	8

100099	3	13

100099	2	12

100099	1	8

100099	4	8

100099	4	8

100099	2	12

100099	5	8

100099	1	8

100100	4	13

100100	1	13

100100	0	13

100100	1	13

100100	6	13

100100	7	13

100100	4	13

100100	2	13

100100	3	13

100100	2	13

100100	3	13

100100	4	13

100100	3	13

100100	3	13

100100	7	13

100100	7	13

