100001	6	8

100001	7	9

100001	6	8

100001	3	8

100001	7	15

100001	6	15

100001	2	8

100001	3	14

100001	5	10

100001	3	9

100001	4	11

100001	5	12

100001	7	10

100001	3	15

100001	3	13

100001	5	11

100002	1	9

100002	6	9

100002	0	8

100002	1	15

100002	4	14

100002	1	15

100002	6	15

100002	5	9

100002	2	13

100002	2	13

100002	2	15

100002	0	8

100002	6	9

100002	4	14

100002	4	14

100002	0	8

100003	1	13

100003	0	11

100003	1	13

100003	5	13

100003	3	10

100003	0	11

100003	2	15

100003	3	10

100003	3	10

100003	0	13

100003	6	13

100003	4	15

100003	5	10

100003	4	12

100003	7	13

100003	3	11

100004	7	13

100004	1	9

100004	7	9

100004	6	8

100004	1	9

100004	3	9

100004	3	8

100004	1	8

100004	2	8

100004	1	8

100004	4	9

100004	4	9

100004	1	9

100004	4	9

100004	7	9

100004	2	8

100005	3	9

100005	1	9

100005	4	15

100005	6	11

100005	2	8

100005	4	15

100005	0	12

100005	7	9

100005	1	9

100005	4	15

100005	5	14

100005	0	12

100005	5	8

100005	3	9

100005	7	9

100005	3	9

100006	0	13

100006	2	14

100006	6	9

100006	5	9

100006	6	12

100006	3	12

100006	0	13

100006	7	13

100006	1	13

100006	1	13

100006	0	13

100006	3	12

100006	4	13

100006	1	13

100006	3	8

100006	4	13

100007	0	9

100007	1	10

100007	5	8

100007	4	8

100007	1	10

100007	3	8

100007	4	8

100007	5	9

100007	6	8

100007	2	14

100007	3	8

100007	1	10

100007	1	10

100007	3	9

100007	1	10

100007	0	8

100008	3	11

100008	0	15

100008	0	13

100008	7	9

100008	6	13

100008	3	14

100008	6	13

100008	4	11

100008	4	11

100008	0	9

100008	7	13

100008	5	15

100008	2	14

100008	1	11

100008	5	13

100008	5	15

100009	5	12

100009	2	12

100009	0	12

100009	3	12

100009	6	12

100009	7	12

100009	7	12

100009	5	12

100009	7	12

100009	6	12

100009	5	12

100009	0	12

100009	1	8

100009	0	12

100009	2	12

100009	0	12

100010	6	13

100010	3	13

100010	3	13

100010	6	13

100010	1	13

100010	5	13

100010	2	13

100010	2	13

100010	7	13

100010	4	13

100010	1	13

100010	3	13

100010	1	13

100010	5	13

100010	1	13

100010	6	13

100011	4	12

100011	5	14

100011	0	12

100011	7	10

100011	4	9

100011	5	13

100011	3	14

100011	1	9

100011	5	11

100011	0	15

100011	2	15

100011	7	12

100011	7	15

100011	0	12

100011	0	10

100011	5	9

100012	2	9

100012	6	9

100012	4	10

100012	7	8

100012	4	13

100012	1	11

100012	4	14

100012	3	8

100012	2	11

100012	6	8

100012	5	14

100012	5	13

100012	1	9

100012	1	11

100012	2	9

100012	5	12

100013	3	12

100013	4	9

100013	1	15

100013	4	9

100013	3	12

100013	5	9

100013	7	11

100013	3	12

100013	4	9

100013	4	9

100013	2	8

100013	4	9

100013	2	8

100013	1	11

100013	2	8

100013	1	9

100014	4	10

100014	3	10

100014	1	8

100014	3	8

100014	7	14

100014	4	10

100014	3	8

100014	2	12

100014	2	11

100014	6	10

100014	3	10

100014	6	10

100014	1	8

100014	1	8

100014	5	10

100014	2	13

100015	4	14

100015	7	14

100015	2	8

100015	4	14

100015	0	13

100015	4	15

100015	0	11

100015	1	15

100015	3	8

100015	7	14

100015	0	13

100015	4	10

100015	7	10

100015	6	11

100015	6	11

100015	3	13

100016	5	12

100016	3	10

100016	0	15

100016	0	15

100016	6	15

100016	3	10

100016	1	15

100016	3	15

100016	6	15

100016	7	10

100016	3	10

100016	0	15

100016	1	15

100016	3	15

100016	6	15

100016	1	10

100017	1	9

100017	3	15

100017	3	14

100017	6	14

100017	5	14

100017	0	15

100017	7	12

100017	7	12

100017	5	14

100017	7	8

100017	6	9

100017	3	14

100017	6	14

100017	0	15

100017	2	11

100017	3	9

100018	0	13

100018	3	13

100018	1	13

100018	7	13

100018	6	9

100018	4	13

100018	1	13

100018	3	13

100018	5	13

100018	1	13

100018	5	13

100018	2	14

100018	6	9

100018	2	9

100018	6	14

100018	2	9

100019	7	12

100019	1	14

100019	3	9

100019	1	14

100019	3	12

100019	4	15

100019	7	12

100019	3	12

100019	7	9

100019	1	15

100019	7	12

100019	0	15

100019	3	9

100019	3	9

100019	5	12

100019	2	14

100020	4	11

100020	6	8

100020	0	8

100020	1	8

100020	1	8

100020	6	8

100020	4	15

100020	3	14

100020	7	15

100020	5	11

100020	2	14

100020	4	14

100020	1	8

100020	0	8

100020	0	8

100020	0	8

100021	1	12

100021	0	11

100021	5	12

100021	2	11

100021	2	11

100021	4	11

100021	2	11

100021	6	12

100021	7	12

100021	2	11

100021	0	11

100021	5	11

100021	7	13

100021	4	15

100021	0	11

100021	1	13

100022	7	15

100022	6	14

100022	3	15

100022	7	14

100022	7	14

100022	5	14

100022	0	12

100022	0	9

100022	6	14

100022	3	14

100022	4	12

100022	4	12

100022	7	10

100022	7	10

100022	7	13

100022	3	14

100023	5	15

100023	5	14

100023	2	13

100023	6	11

100023	7	14

100023	6	8

100023	5	9

100023	2	13

100023	3	8

100023	4	15

100023	6	10

100023	4	15

100023	4	14

100023	4	15

100023	1	13

100023	6	10

100024	4	12

100024	1	11

100024	5	11

100024	0	11

100024	1	11

100024	3	13

100024	6	12

100024	1	11

100024	7	11

100024	4	11

100024	1	11

100024	5	11

100024	1	11

100024	3	14

100024	1	11

100024	0	11

100025	2	10

100025	2	10

100025	0	15

100025	1	14

100025	5	10

100025	6	10

100025	1	14

100025	5	14

100025	0	12

100025	6	10

100025	4	10

100025	6	10

100025	1	14

100025	5	14

100025	1	14

100025	6	10

100026	1	11

100026	5	11

100026	4	11

100026	7	11

100026	5	11

100026	1	11

100026	0	14

100026	3	11

100026	5	11

100026	1	11

100026	2	11

100026	4	11

100026	4	11

100026	6	11

100026	4	11

100026	6	11

100027	2	10

100027	2	10

100027	3	10

100027	7	10

100027	1	10

100027	6	10

100027	2	10

100027	1	10

100027	1	10

100027	4	10

100027	3	10

100027	5	10

100027	7	10

100027	4	10

100027	2	10

100027	3	10

100028	3	14

100028	7	15

100028	5	13

100028	0	15

100028	5	10

100028	3	15

100028	7	13

100028	4	10

100028	3	14

100028	1	14

100028	4	10

100028	7	10

100028	5	12

100028	2	9

100028	6	9

100028	4	12

100029	7	12

100029	6	9

100029	3	15

100029	4	9

100029	6	13

100029	3	15

100029	4	9

100029	4	9

100029	4	9

100029	7	13

100029	1	15

100029	2	10

100029	1	15

100029	2	10

100029	0	13

100029	3	12

100030	2	15

100030	5	12

100030	3	14

100030	6	15

100030	3	10

100030	6	8

100030	3	10

100030	2	12

100030	5	12

100030	7	14

100030	6	15

100030	3	9

100030	7	11

100030	2	12

100030	5	12

100030	1	15

100031	5	9

100031	2	15

100031	5	12

100031	1	9

100031	6	11

100031	4	14

100031	7	8

100031	6	11

100031	2	10

100031	6	11

100031	2	15

100031	2	13

100031	3	10

100031	6	11

100031	5	9

100031	6	11

100032	6	14

100032	1	15

100032	2	14

100032	5	15

100032	4	8

100032	5	9

100032	1	15

100032	3	10

100032	5	9

100032	1	15

100032	1	15

100032	2	14

100032	4	9

100032	5	14

100032	1	15

100032	1	8

100033	4	14

100033	4	8

100033	3	10

100033	4	8

100033	5	8

100033	3	10

100033	4	10

100033	5	8

100033	5	8

100033	1	10

100033	7	10

100033	4	13

100033	4	10

100033	1	10

100033	3	10

100033	6	9

100034	5	13

100034	6	8

100034	5	13

100034	3	13

100034	5	13

100034	4	13

100034	7	13

100034	6	8

100034	3	13

100034	3	13

100034	7	13

100034	1	8

100034	0	9

100034	0	9

100034	7	13

100034	2	12

100035	2	15

100035	4	14

100035	0	15

100035	6	14

100035	4	15

100035	5	9

100035	0	15

100035	0	15

100035	2	15

100035	7	12

100035	0	15

100035	4	15

100035	0	15

100035	7	12

100035	1	12

100035	7	12

100036	7	15

100036	2	12

100036	3	15

100036	3	11

100036	1	11

100036	1	13

100036	5	11

100036	1	13

100036	6	13

100036	2	10

100036	4	11

100036	0	8

100036	6	11

100036	2	8

100036	4	14

100036	2	12

100037	6	14

100037	6	14

100037	6	14

100037	0	14

100037	1	8

100037	5	8

100037	2	15

100037	4	8

100037	1	8

100037	3	15

100037	7	8

100037	5	8

100037	7	14

100037	4	8

100037	0	15

100037	0	14

100038	5	15

100038	4	15

100038	1	9

100038	5	10

100038	2	15

100038	5	15

100038	1	9

100038	5	9

100038	4	12

100038	1	8

100038	6	15

100038	6	9

100038	4	15

100038	6	9

100038	4	15

100038	3	9

100039	3	9

100039	0	10

100039	1	14

100039	2	10

100039	0	10

100039	1	14

100039	4	14

100039	6	10

100039	6	10

100039	3	11

100039	3	10

100039	6	15

100039	7	10

100039	2	12

100039	2	12

100039	6	15

100040	4	15

100040	2	13

100040	5	13

100040	7	13

100040	3	13

100040	7	13

100040	2	13

100040	3	13

100040	5	13

100040	5	15

100040	5	15

100040	0	8

100040	2	13

100040	3	13

100040	1	13

100040	1	8

100041	2	11

100041	3	11

100041	5	11

100041	5	11

100041	2	11

100041	3	11

100041	7	9

100041	4	11

100041	2	11

100041	4	11

100041	4	11

100041	6	9

100041	2	11

100041	4	11

100041	4	11

100041	7	8

100042	0	12

100042	3	12

100042	0	12

100042	7	14

100042	3	12

100042	2	12

100042	5	12

100042	5	12

100042	7	9

100042	6	12

100042	3	12

100042	7	14

100042	6	12

100042	1	12

100042	0	12

100042	6	12

100043	0	9

100043	5	9

100043	1	9

100043	6	9

100043	7	9

100043	4	8

100043	5	9

100043	7	9

100043	5	9

100043	5	9

100043	4	12

100043	5	9

100043	3	11

100043	5	9

100043	1	9

100043	2	9

100044	3	13

100044	1	13

100044	5	13

100044	5	13

100044	1	13

100044	5	13

100044	2	13

100044	3	13

100044	1	13

100044	2	13

100044	6	13

100044	7	13

100044	6	13

100044	2	13

100044	0	13

100044	4	13

100045	2	10

100045	1	9

100045	6	8

100045	3	8

100045	5	9

100045	1	9

100045	6	8

100045	6	8

100045	4	9

100045	7	9

100045	2	12

100045	4	9

100045	5	9

100045	4	8

100045	1	8

100045	1	9

100046	1	13

100046	1	13

100046	1	8

100046	0	13

100046	3	8

100046	1	13

100046	4	8

100046	2	15

100046	3	9

100046	0	12

100046	3	13

100046	3	8

100046	7	15

100046	2	11

100046	3	13

100046	3	12

100047	4	10

100047	2	8

100047	0	15

100047	2	8

100047	2	10

100047	0	13

100047	1	9

100047	3	12

100047	5	11

100047	7	8

100047	2	10

100047	6	14

100047	6	9

100047	7	8

100047	4	8

100047	3	14

100048	3	8

100048	5	15

100048	2	15

100048	2	8

100048	0	8

100048	2	14

100048	7	15

100048	7	15

100048	1	14

100048	6	14

100048	1	15

100048	4	8

100048	5	12

100048	5	8

100048	1	15

100048	5	8

100049	1	12

100049	7	12

100049	3	8

100049	4	12

100049	6	12

100049	3	12

100049	4	12

100049	4	12

100049	6	12

100049	6	12

100049	1	12

100049	2	12

100049	3	8

100049	4	12

100049	2	12

100049	7	12

100050	1	9

100050	6	9

100050	0	9

100050	2	9

100050	1	9

100050	6	13

100050	5	9

100050	4	9

100050	7	9

100050	0	9

100050	3	8

100050	6	9

100050	6	13

100050	2	9

100050	4	9

100050	4	13

100051	2	10

100051	2	11

100051	1	13

100051	1	13

100051	0	13

100051	5	15

100051	3	13

100051	3	13

100051	4	15

100051	1	13

100051	7	15

100051	7	15

100051	3	13

100051	7	13

100051	5	15

100051	4	13

100052	0	11

100052	3	14

100052	3	14

100052	7	11

100052	3	8

100052	2	8

100052	3	14

100052	4	13

100052	3	11

100052	4	15

100052	7	14

100052	4	15

100052	3	11

100052	6	14

100052	5	9

100052	7	11

100053	6	11

100053	1	14

100053	2	14

100053	1	15

100053	4	13

100053	4	15

100053	5	10

100053	7	10

100053	4	11

100053	3	11

100053	0	14

100053	7	11

100053	7	10

100053	2	11

100053	1	14

100053	4	14

100054	4	13

100054	5	13

100054	0	13

100054	6	13

100054	5	8

100054	6	15

100054	4	9

100054	3	10

100054	5	10

100054	7	14

100054	0	15

100054	5	13

100054	5	8

100054	0	13

100054	3	8

100054	6	8

100055	1	10

100055	1	10

100055	3	11

100055	7	12

100055	4	12

100055	3	15

100055	3	11

100055	0	12

100055	5	10

100055	5	11

100055	7	12

100055	2	12

100055	2	12

100055	0	12

100055	1	11

100055	0	12

100056	7	11

100056	3	11

100056	1	15

100056	2	8

100056	4	9

100056	2	8

100056	7	8

100056	3	8

100056	7	9

100056	7	9

100056	7	8

100056	1	12

100056	2	8

100056	5	9

100056	2	8

100056	5	9

100057	5	13

100057	5	13

100057	1	14

100057	3	10

100057	6	13

100057	0	9

100057	7	9

100057	6	9

100057	5	14

100057	2	15

100057	4	10

100057	5	14

100057	7	8

100057	6	8

100057	7	8

100057	4	10

100058	3	13

100058	6	9

100058	7	11

100058	5	9

100058	1	10

100058	5	13

100058	5	9

100058	4	8

100058	4	13

100058	7	11

100058	5	9

100058	4	8

100058	0	10

100058	7	11

100058	6	13

100058	0	10

100059	4	10

100059	7	12

100059	3	9

100059	2	14

100059	5	11

100059	7	12

100059	3	15

100059	7	15

100059	0	10

100059	2	10

100059	5	11

100059	7	11

100059	2	10

100059	2	14

100059	1	14

100059	1	10

100060	5	8

100060	1	10

100060	6	9

100060	1	14

100060	3	14

100060	3	12

100060	0	13

100060	0	13

100060	2	8

100060	2	14

100060	4	13

100060	0	13

100060	1	12

100060	2	14

100060	0	13

100060	2	15

100061	1	11

100061	7	9

100061	3	9

100061	7	9

100061	0	15

100061	5	8

100061	4	13

100061	3	9

100061	4	13

100061	0	12

100061	0	12

100061	7	9

100061	2	12

100061	5	14

100061	5	13

100061	3	9

100062	7	9

100062	5	9

100062	0	13

100062	0	10

100062	5	11

100062	3	11

100062	4	15

100062	3	11

100062	0	13

100062	2	9

100062	5	11

100062	3	13

100062	4	9

100062	6	10

100062	4	9

100062	4	9

100063	7	9

100063	2	9

100063	4	9

100063	3	14

100063	0	9

100063	2	9

100063	5	15

100063	1	11

100063	6	14

100063	5	11

100063	2	14

100063	7	13

100063	7	13

100063	5	8

100063	0	9

100063	5	8

100064	4	13

100064	1	11

100064	2	9

100064	6	12

100064	2	9

100064	4	15

100064	1	11

100064	3	11

100064	6	8

100064	3	11

100064	2	9

100064	4	15

100064	6	14

100064	6	8

100064	6	8

100064	2	9

100065	0	10

100065	2	10

100065	3	8

100065	4	8

100065	4	10

100065	7	8

100065	2	8

100065	7	10

100065	0	10

100065	2	8

100065	7	10

100065	7	8

100065	6	8

100065	2	8

100065	2	10

100065	4	10

100066	5	14

100066	6	8

100066	1	8

100066	1	13

100066	3	8

100066	5	8

100066	5	13

100066	0	8

100066	0	8

100066	6	14

100066	6	8

100066	3	8

100066	4	9

100066	7	14

100066	1	8

100066	6	14

100067	7	12

100067	0	13

100067	3	9

100067	0	14

100067	5	14

100067	4	11

100067	5	15

100067	2	8

100067	7	11

100067	1	15

100067	2	8

100067	6	15

100067	0	13

100067	3	15

100067	2	8

100067	6	15

100068	2	11

100068	0	10

100068	0	10

100068	0	10

100068	0	10

100068	3	11

100068	5	15

100068	6	11

100068	6	11

100068	4	11

100068	3	11

100068	2	10

100068	2	10

100068	3	11

100068	2	11

100068	7	11

100069	5	12

100069	0	8

100069	3	14

100069	0	9

100069	6	11

100069	4	11

100069	2	10

100069	0	8

100069	1	10

100069	5	12

100069	7	8

100069	0	11

100069	7	8

100069	6	14

100069	7	9

100069	7	8

100070	0	10

100070	5	10

100070	3	10

100070	3	10

100070	1	10

100070	3	10

100070	0	10

100070	6	9

100070	5	10

100070	5	10

100070	4	10

100070	2	12

100070	7	10

100070	3	10

100070	5	10

100070	1	10

100071	3	13

100071	2	14

100071	0	14

100071	2	14

100071	0	14

100071	1	14

100071	7	14

100071	1	14

100071	7	14

100071	0	14

100071	6	14

100071	0	14

100071	3	10

100071	6	14

100071	2	14

100071	4	14

100072	3	8

100072	4	8

100072	1	8

100072	1	8

100072	7	8

100072	3	8

100072	6	15

100072	5	8

100072	7	8

100072	1	8

100072	4	8

100072	1	8

100072	1	8

100072	2	8

100072	2	8

100072	6	15

100073	3	14

100073	0	11

100073	1	15

100073	1	8

100073	3	8

100073	0	12

100073	7	9

100073	2	10

100073	3	9

100073	6	14

100073	7	13

100073	0	11

100073	2	9

100073	2	8

100073	0	11

100073	3	12

100074	7	11

100074	0	14

100074	2	11

100074	2	13

100074	3	15

100074	1	13

100074	4	14

100074	1	13

100074	7	13

100074	1	11

100074	3	15

100074	6	11

100074	7	11

100074	4	14

100074	0	14

100074	2	13

100075	4	14

100075	1	9

100075	0	8

100075	5	9

100075	6	8

100075	2	13

100075	6	9

100075	1	9

100075	3	9

100075	7	15

100075	3	13

100075	0	14

100075	0	14

100075	1	8

100075	4	14

100075	0	14

100076	7	15

100076	6	11

100076	0	8

100076	0	11

100076	5	15

100076	4	15

100076	6	10

100076	7	15

100076	4	15

100076	4	15

100076	3	12

100076	2	10

100076	3	12

100076	3	12

100076	1	13

100076	3	12

100077	2	14

100077	4	8

100077	7	11

100077	6	8

100077	2	15

100077	7	11

100077	6	10

100077	1	11

100077	0	15

100077	2	15

100077	7	9

100077	2	14

100077	1	13

100077	4	8

100077	0	10

100077	5	14

100078	0	15

100078	4	12

100078	5	9

100078	0	8

100078	5	14

100078	2	11

100078	4	15

100078	6	12

100078	2	8

100078	7	8

100078	2	12

100078	7	12

100078	6	12

100078	7	13

100078	1	12

100078	6	11

100079	2	9

100079	6	12

100079	5	9

100079	4	11

100079	6	9

100079	5	9

100079	0	11

100079	3	8

100079	3	11

100079	4	11

100079	6	13

100079	0	11

100079	6	11

100079	5	9

100079	6	11

100079	3	11

100080	1	13

100080	2	9

100080	5	10

100080	2	13

100080	3	8

100080	2	13

100080	7	10

100080	6	13

100080	7	8

100080	5	8

100080	7	10

100080	0	10

100080	3	8

100080	5	10

100080	7	10

100080	3	14

100081	6	10

100081	5	10

100081	5	10

100081	3	12

100081	6	10

100081	2	14

100081	6	10

100081	7	13

100081	1	14

100081	2	9

100081	3	10

100081	2	14

100081	0	14

100081	3	10

100081	3	13

100081	0	9

100082	0	10

100082	4	10

100082	7	14

100082	7	15

100082	0	14

100082	1	15

100082	3	10

100082	4	14

100082	6	10

100082	0	10

100082	1	11

100082	0	14

100082	0	10

100082	7	14

100082	4	14

100082	3	10

100083	0	9

100083	3	10

100083	1	12

100083	3	15

100083	7	15

100083	3	15

100083	5	11

100083	7	10

100083	5	11

100083	3	15

100083	4	12

100083	6	9

100083	5	11

100083	6	14

100083	2	12

100083	7	8

100084	0	10

100084	5	14

100084	2	14

100084	7	8

100084	0	10

100084	1	9

100084	3	14

100084	3	14

100084	3	14

100084	3	14

100084	2	14

100084	7	13

100084	6	14

100084	2	14

100084	1	8

100084	1	12

100085	3	10

100085	0	8

100085	1	15

100085	0	8

100085	1	8

100085	4	8

100085	7	8

100085	7	8

100085	3	13

100085	0	8

100085	7	8

100085	4	8

100085	3	10

100085	3	13

100085	3	10

100085	3	10

100086	0	9

100086	0	9

100086	0	9

100086	5	9

100086	1	9

100086	3	9

100086	0	9

100086	4	9

100086	5	9

100086	2	9

100086	5	9

100086	1	9

100086	2	9

100086	0	9

100086	3	9

100086	6	9

100087	2	15

100087	0	15

100087	6	15

100087	2	15

100087	5	15

100087	2	15

100087	3	15

100087	5	15

100087	2	15

100087	3	15

100087	7	15

100087	6	15

100087	2	15

100087	3	15

100087	0	15

100087	7	15

100088	4	14

100088	2	13

100088	7	11

100088	5	11

100088	3	11

100088	2	8

100088	4	8

100088	7	15

100088	6	12

100088	4	13

100088	5	14

100088	3	8

100088	6	14

100088	1	8

100088	5	15

100088	0	14

100089	2	11

100089	3	11

100089	1	15

100089	0	11

100089	6	14

100089	5	11

100089	1	15

100089	0	11

100089	4	9

100089	5	11

100089	5	11

100089	4	10

100089	2	11

100089	2	11

100089	0	11

100089	1	14

100090	6	12

100090	0	14

100090	7	9

100090	0	14

100090	3	15

100090	5	15

100090	6	12

100090	0	15

100090	1	12

100090	4	12

100090	2	12

100090	6	12

100090	6	12

100090	5	15

100090	3	9

100090	3	12

100091	2	15

100091	3	11

100091	5	10

100091	7	12

100091	0	10

100091	1	10

100091	1	10

100091	5	11

100091	1	10

100091	7	14

100091	5	11

100091	2	15

100091	3	10

100091	1	11

100091	1	11

100091	1	10

100092	0	13

100092	5	8

100092	3	15

100092	5	14

100092	6	14

100092	2	10

100092	0	8

100092	5	8

100092	5	14

100092	5	14

100092	0	10

100092	4	11

100092	3	12

100092	6	14

100092	7	13

100092	3	13

100093	5	8

100093	2	12

100093	1	12

100093	6	13

100093	4	9

100093	6	13

100093	6	13

100093	0	12

100093	3	12

100093	5	8

100093	5	8

100093	1	12

100093	6	13

100093	4	9

100093	1	12

100093	6	13

100094	2	13

100094	7	9

100094	1	13

100094	4	8

100094	5	15

100094	7	8

100094	4	8

100094	6	12

100094	6	12

100094	3	14

100094	6	10

100094	5	9

100094	2	15

100094	2	10

100094	6	10

100094	7	8

100095	3	12

100095	5	9

100095	0	9

100095	6	11

100095	1	9

100095	7	9

100095	1	9

100095	3	13

100095	3	13

100095	7	9

100095	6	11

100095	0	9

100095	6	8

100095	2	11

100095	1	9

100095	6	15

100096	5	15

100096	6	15

100096	3	14

100096	2	15

100096	3	14

100096	2	15

100096	3	14

100096	2	15

100096	1	15

100096	6	15

100096	0	8

100096	4	8

100096	1	15

100096	6	15

100096	6	15

100096	2	15

100097	3	10

100097	5	9

100097	7	13

100097	3	12

100097	7	12

100097	2	9

100097	3	14

100097	2	9

100097	1	12

100097	6	9

100097	7	13

100097	6	8

100097	6	13

100097	7	8

100097	0	8

100097	3	11

100098	2	13

100098	4	9

100098	0	12

100098	1	14

100098	0	12

100098	0	14

100098	1	14

100098	4	9

100098	2	8

100098	2	8

100098	7	9

100098	4	9

100098	5	8

100098	3	12

100098	6	14

100098	2	13

100099	0	9

100099	2	12

100099	3	9

100099	6	11

100099	2	13

100099	0	15

100099	3	11

100099	6	13

100099	4	13

100099	7	9

100099	1	12

100099	5	15

100099	7	9

100099	5	15

100099	7	11

100099	4	12

100100	5	10

100100	3	10

100100	2	12

100100	2	9

100100	7	10

100100	3	10

100100	6	14

100100	2	12

100100	0	9

100100	6	14

100100	2	12

100100	7	10

100100	5	13

100100	3	10

100100	6	14

100100	7	10

