100001	4	15

100001	7	11

100001	2	8

100001	4	9

100001	3	9

100001	1	11

100001	6	15

100001	5	13

100001	4	10

100001	1	10

100001	7	10

100001	7	11

100001	1	10

100001	4	8

100001	5	10

100001	7	9

100002	7	10

100002	0	14

100002	5	10

100002	7	10

100002	5	10

100002	2	10

100002	7	10

100002	4	10

100002	0	14

100002	5	10

100002	3	14

100002	0	14

100002	1	10

100002	5	10

100002	3	9

100002	6	8

100003	5	9

100003	1	12

100003	7	12

100003	5	9

100003	6	10

100003	0	9

100003	7	12

100003	7	12

100003	0	9

100003	2	9

100003	0	9

100003	5	9

100003	6	14

100003	7	12

100003	3	12

100003	4	11

100004	2	12

100004	1	11

100004	0	11

100004	4	9

100004	1	13

100004	4	9

100004	3	9

100004	1	14

100004	4	9

100004	2	12

100004	3	9

100004	1	13

100004	5	12

100004	0	11

100004	5	12

100004	2	12

100005	0	9

100005	3	9

100005	6	9

100005	0	9

100005	2	15

100005	3	9

100005	1	9

100005	5	15

100005	0	9

100005	0	9

100005	5	13

100005	2	15

100005	3	9

100005	4	9

100005	1	15

100005	7	9

100006	5	15

100006	3	15

100006	2	12

100006	1	15

100006	1	15

100006	6	15

100006	6	15

100006	6	15

100006	0	9

100006	3	10

100006	7	15

100006	1	15

100006	7	15

100006	0	9

100006	6	15

100006	6	15

100007	2	14

100007	0	14

100007	0	14

100007	4	14

100007	6	14

100007	7	14

100007	2	14

100007	5	14

100007	1	14

100007	0	14

100007	1	14

100007	7	14

100007	7	14

100007	2	14

100007	0	14

100007	0	14

100008	3	10

100008	1	10

100008	0	14

100008	0	12

100008	5	9

100008	5	9

100008	2	10

100008	2	9

100008	4	10

100008	2	9

100008	3	12

100008	7	15

100008	4	10

100008	2	10

100008	7	14

100008	4	9

100009	5	11

100009	0	12

100009	0	9

100009	5	10

100009	1	14

100009	5	13

100009	1	12

100009	6	10

100009	1	14

100009	6	10

100009	2	14

100009	7	9

100009	5	11

100009	3	9

100009	6	11

100009	0	14

100010	1	13

100010	0	13

100010	6	14

100010	0	10

100010	6	11

100010	7	9

100010	2	11

100010	4	13

100010	6	15

100010	3	15

100010	6	12

100010	7	15

100010	7	15

100010	7	9

100010	1	13

100010	4	13

100011	1	13

100011	2	12

100011	1	13

100011	7	12

100011	5	9

100011	0	11

100011	3	12

100011	2	12

100011	3	12

100011	5	8

100011	4	14

100011	1	13

100011	1	11

100011	4	10

100011	7	12

100011	5	8

100012	2	13

100012	7	13

100012	6	13

100012	4	13

100012	5	8

100012	5	12

100012	3	13

100012	1	13

100012	1	8

100012	6	13

100012	4	13

100012	3	13

100012	1	9

100012	3	9

100012	4	13

100012	5	12

100013	5	12

100013	3	15

100013	2	9

100013	3	12

100013	7	15

100013	3	15

100013	6	13

100013	6	13

100013	1	9

100013	2	13

100013	0	15

100013	6	13

100013	6	13

100013	7	12

100013	5	12

100013	4	15

100014	6	9

100014	4	9

100014	7	15

100014	2	11

100014	2	11

100014	0	8

100014	4	9

100014	4	13

100014	3	15

100014	4	9

100014	4	9

100014	3	15

100014	5	11

100014	1	9

100014	4	11

100014	1	9

100015	2	13

100015	2	15

100015	6	12

100015	1	11

100015	5	14

100015	7	12

100015	4	9

100015	4	9

100015	5	14

100015	1	11

100015	0	9

100015	2	15

100015	6	12

100015	2	11

100015	2	14

100015	4	9

100016	3	12

100016	5	11

100016	2	10

100016	5	12

100016	3	12

100016	2	10

100016	7	8

100016	5	15

100016	5	12

100016	6	12

100016	6	10

100016	0	12

100016	2	10

100016	1	15

100016	5	15

100016	4	12

100017	3	15

100017	6	14

100017	6	14

100017	7	8

100017	0	8

100017	5	13

100017	3	15

100017	4	12

100017	6	13

100017	3	14

100017	3	15

100017	1	8

100017	5	13

100017	7	8

100017	0	8

100017	0	8

100018	3	15

100018	3	15

100018	5	11

100018	3	15

100018	0	10

100018	7	11

100018	0	9

100018	1	10

100018	3	15

100018	4	15

100018	7	11

100018	1	9

100018	5	11

100018	3	15

100018	6	11

100018	4	15

100019	5	13

100019	7	13

100019	2	10

100019	5	13

100019	5	10

100019	4	13

100019	3	9

100019	6	9

100019	4	13

100019	4	11

100019	4	11

100019	7	13

100019	7	13

100019	3	12

100019	0	12

100019	5	15

100020	3	10

100020	5	14

100020	0	10

100020	4	12

100020	0	10

100020	3	10

100020	5	14

100020	0	10

100020	7	11

100020	2	10

100020	7	11

100020	4	12

100020	4	12

100020	6	12

100020	5	15

100020	6	10

100021	5	14

100021	3	11

100021	1	14

100021	5	14

100021	6	11

100021	2	14

100021	7	8

100021	5	14

100021	1	14

100021	5	14

100021	1	14

100021	1	14

100021	1	14

100021	1	14

100021	0	14

100021	6	15

100022	1	10

100022	6	10

100022	6	10

100022	2	13

100022	2	13

100022	0	10

100022	1	10

100022	7	15

100022	6	10

100022	3	10

100022	7	14

100022	5	10

100022	3	10

100022	6	10

100022	0	10

100022	5	10

100023	0	10

100023	2	11

100023	4	11

100023	6	10

100023	0	11

100023	0	10

100023	4	10

100023	1	11

100023	6	10

100023	6	10

100023	2	10

100023	1	10

100023	3	11

100023	5	11

100023	2	11

100023	7	10

100024	3	13

100024	3	8

100024	4	15

100024	0	14

100024	7	10

100024	1	14

100024	6	14

100024	3	12

100024	4	15

100024	0	14

100024	3	11

100024	1	14

100024	0	14

100024	3	11

100024	4	15

100024	6	14

100025	7	9

100025	3	9

100025	4	9

100025	4	9

100025	1	11

100025	1	11

100025	5	11

100025	0	11

100025	5	11

100025	0	9

100025	7	9

100025	1	8

100025	3	9

100025	6	15

100025	4	9

100025	3	9

100026	6	14

100026	1	11

100026	2	14

100026	6	9

100026	0	11

100026	1	13

100026	7	13

100026	3	12

100026	0	10

100026	2	8

100026	3	12

100026	2	15

100026	7	13

100026	1	10

100026	2	14

100026	3	15

100027	4	9

100027	5	9

100027	3	9

100027	4	9

100027	6	9

100027	4	9

100027	6	10

100027	2	9

100027	2	9

100027	2	9

100027	6	10

100027	4	9

100027	1	10

100027	5	9

100027	1	12

100027	5	9

100028	3	13

100028	1	13

100028	5	13

100028	2	14

100028	0	14

100028	1	13

100028	0	14

100028	3	14

100028	3	13

100028	7	13

100028	7	13

100028	7	13

100028	7	13

100028	3	14

100028	3	13

100028	7	13

100029	3	10

100029	2	14

100029	4	11

100029	6	13

100029	2	10

100029	2	10

100029	4	11

100029	4	11

100029	2	13

100029	4	11

100029	0	9

100029	4	11

100029	1	11

100029	0	11

100029	3	14

100029	5	11

100030	2	15

100030	7	10

100030	2	15

100030	0	8

100030	2	10

100030	2	10

100030	6	11

100030	1	10

100030	6	15

100030	1	15

100030	2	15

100030	6	10

100030	2	15

100030	1	10

100030	1	15

100030	3	14

100031	2	8

100031	4	15

100031	5	12

100031	4	15

100031	3	10

100031	5	12

100031	6	13

100031	0	15

100031	2	11

100031	4	15

100031	0	15

100031	7	14

100031	4	15

100031	3	11

100031	7	8

100031	4	15

100032	1	14

100032	2	14

100032	4	11

100032	2	14

100032	3	14

100032	6	14

100032	5	14

100032	1	14

100032	3	14

100032	6	14

100032	2	14

100032	2	14

100032	5	14

100032	6	14

100032	3	14

100032	7	15

100033	6	9

100033	4	9

100033	5	9

100033	6	9

100033	1	9

100033	5	9

100033	2	9

100033	0	9

100033	5	9

100033	7	13

100033	2	9

100033	2	9

100033	2	9

100033	4	9

100033	3	9

100033	4	9

100034	0	15

100034	2	10

100034	5	12

100034	5	11

100034	5	12

100034	6	12

100034	4	8

100034	6	8

100034	5	11

100034	1	13

100034	5	11

100034	5	14

100034	2	15

100034	7	14

100034	4	15

100034	2	10

100035	5	15

100035	3	11

100035	7	13

100035	6	11

100035	3	11

100035	0	9

100035	3	11

100035	5	10

100035	6	11

100035	2	15

100035	7	13

100035	4	9

100035	6	11

100035	0	9

100035	7	13

100035	4	9

100036	3	14

100036	3	14

100036	3	14

100036	5	15

100036	4	12

100036	0	13

100036	1	9

100036	7	10

100036	3	11

100036	6	9

100036	6	13

100036	5	11

100036	2	11

100036	4	12

100036	5	11

100036	4	15

100037	2	14

100037	7	15

100037	2	14

100037	2	14

100037	2	14

100037	0	14

100037	5	15

100037	6	14

100037	1	14

100037	7	15

100037	4	11

100037	7	11

100037	3	11

100037	0	11

100037	2	14

100037	2	14

100038	6	10

100038	3	11

100038	4	11

100038	6	11

100038	7	9

100038	5	13

100038	6	9

100038	7	8

100038	4	11

100038	0	15

100038	5	13

100038	4	10

100038	5	13

100038	4	9

100038	2	13

100038	4	8

100039	5	11

100039	7	11

100039	7	9

100039	4	15

100039	2	8

100039	0	8

100039	0	11

100039	7	15

100039	2	9

100039	5	11

100039	5	11

100039	1	12

100039	1	12

100039	1	14

100039	0	8

100039	1	12

100040	2	10

100040	4	12

100040	7	11

100040	3	15

100040	3	12

100040	7	10

100040	7	11

100040	4	12

100040	7	11

100040	2	13

100040	4	12

100040	7	13

100040	3	12

100040	0	12

100040	1	15

100040	1	15

100041	6	10

100041	3	9

100041	7	13

100041	7	13

100041	0	9

100041	0	11

100041	0	14

100041	1	15

100041	1	15

100041	6	10

100041	7	13

100041	4	14

100041	0	11

100041	2	13

100041	4	11

100041	3	11

100042	2	11

100042	6	13

100042	7	13

100042	0	9

100042	1	9

100042	0	12

100042	1	11

100042	7	13

100042	7	13

100042	4	10

100042	2	9

100042	1	12

100042	2	14

100042	0	9

100042	2	15

100042	2	12

100043	4	12

100043	0	14

100043	6	9

100043	7	9

100043	1	12

100043	7	9

100043	6	14

100043	7	9

100043	4	12

100043	4	12

100043	5	11

100043	6	14

100043	7	14

100043	2	15

100043	3	15

100043	3	13

100044	7	12

100044	7	12

100044	1	12

100044	0	15

100044	7	12

100044	7	12

100044	4	10

100044	5	10

100044	2	8

100044	5	10

100044	3	12

100044	7	12

100044	4	11

100044	3	8

100044	7	8

100044	3	12

100045	5	14

100045	5	9

100045	2	10

100045	3	10

100045	4	14

100045	5	12

100045	0	10

100045	5	14

100045	7	10

100045	1	10

100045	2	10

100045	5	12

100045	2	10

100045	6	10

100045	4	8

100045	0	10

100046	7	11

100046	0	15

100046	4	15

100046	4	15

100046	0	10

100046	2	10

100046	1	11

100046	5	15

100046	6	15

100046	6	15

100046	6	15

100046	3	12

100046	3	12

100046	0	15

100046	5	15

100046	0	10

100047	2	8

100047	3	11

100047	1	10

100047	6	15

100047	6	15

100047	0	15

100047	6	8

100047	0	11

100047	7	14

100047	4	14

100047	6	8

100047	2	15

100047	3	15

100047	0	11

100047	1	14

100047	5	15

100048	1	9

100048	4	14

100048	2	12

100048	3	14

100048	3	10

100048	1	10

100048	2	15

100048	0	8

100048	4	10

100048	6	13

100048	2	15

100048	7	8

100048	1	13

100048	4	8

100048	6	10

100048	1	8

100049	2	14

100049	5	9

100049	6	9

100049	1	9

100049	7	9

100049	4	14

100049	7	9

100049	2	14

100049	1	9

100049	1	9

100049	0	9

100049	6	9

100049	1	10

100049	7	9

100049	7	9

100049	3	9

100050	3	8

100050	6	13

100050	1	13

100050	0	13

100050	2	14

100050	2	14

100050	5	8

100050	4	15

100050	6	13

100050	3	8

100050	4	12

100050	7	8

100050	1	13

100050	6	13

100050	7	8

100050	1	13

100051	1	10

100051	4	13

100051	7	8

100051	6	10

100051	1	9

100051	7	8

100051	2	13

100051	4	10

100051	2	13

100051	2	10

100051	4	9

100051	1	12

100051	6	9

100051	2	9

100051	4	9

100051	5	14

100052	4	10

100052	6	15

100052	3	14

100052	7	10

100052	4	10

100052	0	10

100052	2	15

100052	1	9

100052	1	9

100052	6	15

100052	2	15

100052	1	11

100052	0	10

100052	0	10

100052	4	10

100052	2	8

100053	3	9

100053	3	15

100053	7	12

100053	1	12

100053	1	12

100053	5	8

100053	3	15

100053	7	12

100053	7	12

100053	0	12

100053	1	12

100053	4	12

100053	1	12

100053	4	12

100053	0	12

100053	1	12

100054	2	11

100054	0	11

100054	1	11

100054	3	11

100054	7	11

100054	6	11

100054	7	11

100054	7	11

100054	3	11

100054	4	11

100054	6	11

100054	6	11

100054	2	11

100054	4	11

100054	1	11

100054	1	11

100055	5	13

100055	2	12

100055	7	9

100055	5	12

100055	6	12

100055	1	9

100055	4	9

100055	6	9

100055	4	15

100055	3	15

100055	3	12

100055	7	11

100055	0	14

100055	6	13

100055	4	9

100055	4	8

100056	2	15

100056	1	10

100056	2	15

100056	5	13

100056	3	12

100056	6	8

100056	1	15

100056	3	10

100056	6	8

100056	3	10

100056	1	13

100056	3	13

100056	6	13

100056	0	12

100056	1	10

100056	6	8

100057	5	8

100057	3	14

100057	4	14

100057	5	8

100057	1	11

100057	3	14

100057	6	13

100057	4	8

100057	6	9

100057	0	15

100057	3	14

100057	6	9

100057	3	14

100057	2	14

100057	6	14

100057	4	8

100058	7	15

100058	7	11

100058	0	8

100058	1	14

100058	6	15

100058	4	12

100058	3	12

100058	2	11

100058	7	15

100058	3	12

100058	4	12

100058	0	8

100058	5	12

100058	7	15

100058	5	12

100058	0	8

100059	3	15

100059	7	15

100059	3	11

100059	1	10

100059	4	12

100059	5	12

100059	1	10

100059	6	13

100059	0	15

100059	7	15

100059	7	10

100059	5	12

100059	3	10

100059	2	11

100059	6	13

100059	3	15

100060	6	11

100060	4	9

100060	0	8

100060	6	12

100060	5	15

100060	7	11

100060	6	12

100060	7	11

100060	2	14

100060	6	11

100060	2	8

100060	2	14

100060	6	11

100060	0	14

100060	7	12

100060	5	15

100061	5	10

100061	5	10

100061	5	10

100061	5	10

100061	3	9

100061	6	10

100061	4	15

100061	2	10

100061	5	10

100061	3	11

100061	6	10

100061	4	8

100061	1	10

100061	4	8

100061	5	10

100061	4	15

100062	5	15

100062	4	13

100062	4	13

100062	0	13

100062	0	13

100062	3	11

100062	3	9

100062	5	15

100062	3	12

100062	4	13

100062	4	13

100062	4	13

100062	3	15

100062	7	9

100062	7	14

100062	5	9

100063	1	8

100063	4	15

100063	0	8

100063	5	15

100063	6	15

100063	1	8

100063	2	8

100063	3	8

100063	3	11

100063	2	11

100063	1	15

100063	1	8

100063	1	8

100063	2	15

100063	6	13

100063	1	8

100064	1	14

100064	0	15

100064	5	12

100064	1	13

100064	3	14

100064	7	15

100064	3	14

100064	6	15

100064	1	14

100064	4	12

100064	5	8

100064	6	15

100064	2	15

100064	7	15

100064	6	15

100064	2	15

100065	5	15

100065	5	15

100065	1	15

100065	4	15

100065	4	9

100065	4	15

100065	2	15

100065	4	9

100065	4	15

100065	1	15

100065	1	15

100065	1	15

100065	0	13

100065	5	15

100065	0	15

100065	6	10

100066	2	15

100066	6	10

100066	0	15

100066	6	11

100066	7	14

100066	5	15

100066	2	15

100066	4	10

100066	3	10

100066	4	11

100066	3	10

100066	0	15

100066	1	11

100066	1	10

100066	3	11

100066	3	11

100067	6	10

100067	7	13

100067	0	9

100067	1	9

100067	3	9

100067	0	9

100067	4	13

100067	7	10

100067	0	9

100067	0	9

100067	0	9

100067	4	10

100067	4	10

100067	7	9

100067	1	9

100067	0	9

100068	2	13

100068	6	14

100068	1	11

100068	0	14

100068	4	13

100068	6	14

100068	1	11

100068	4	11

100068	1	13

100068	1	8

100068	7	11

100068	5	11

100068	7	11

100068	1	11

100068	0	14

100068	4	13

100069	7	15

100069	6	10

100069	4	15

100069	1	13

100069	4	15

100069	5	15

100069	6	15

100069	2	15

100069	5	15

100069	7	15

100069	1	14

100069	3	15

100069	2	15

100069	6	10

100069	2	15

100069	3	15

100070	7	13

100070	4	13

100070	2	10

100070	1	13

100070	2	10

100070	2	10

100070	4	10

100070	3	13

100070	6	8

100070	6	12

100070	5	13

100070	6	8

100070	5	13

100070	2	10

100070	4	10

100070	6	8

100071	7	11

100071	3	11

100071	7	11

100071	4	11

100071	4	11

100071	1	14

100071	6	13

100071	1	12

100071	5	12

100071	2	12

100071	3	11

100071	2	14

100071	4	11

100071	5	15

100071	5	12

100071	0	12

100072	5	15

100072	4	15

100072	6	14

100072	3	14

100072	3	14

100072	6	14

100072	0	13

100072	4	14

100072	2	10

100072	0	13

100072	2	14

100072	3	14

100072	2	10

100072	2	8

100072	2	9

100072	3	14

100073	6	15

100073	3	8

100073	3	8

100073	0	14

100073	2	8

100073	5	8

100073	6	10

100073	4	11

100073	5	8

100073	3	8

100073	6	8

100073	2	14

100073	1	14

100073	0	14

100073	6	10

100073	5	8

100074	0	8

100074	2	8

100074	1	15

100074	5	15

100074	4	8

100074	3	13

100074	4	11

100074	1	12

100074	7	10

100074	6	13

100074	2	15

100074	4	8

100074	2	15

100074	6	12

100074	3	13

100074	0	11

100075	5	8

100075	3	14

100075	2	10

100075	6	14

100075	0	9

100075	6	13

100075	7	14

100075	3	9

100075	7	14

100075	1	10

100075	6	8

100075	2	10

100075	5	8

100075	1	10

100075	4	14

100075	6	14

100076	6	14

100076	4	12

100076	3	10

100076	3	10

100076	2	14

100076	5	10

100076	5	10

100076	1	11

100076	4	10

100076	7	14

100076	5	10

100076	3	10

100076	6	14

100076	4	12

100076	4	12

100076	2	9

100077	5	11

100077	0	15

100077	0	15

100077	2	15

100077	2	15

100077	7	9

100077	1	13

100077	1	9

100077	6	11

100077	4	15

100077	1	11

100077	3	12

100077	5	11

100077	4	15

100077	4	14

100077	3	13

100078	4	10

100078	6	14

100078	3	10

100078	6	14

100078	1	10

100078	1	10

100078	0	10

100078	3	10

100078	1	10

100078	1	10

100078	6	14

100078	5	10

100078	1	10

100078	1	10

100078	2	10

100078	0	10

100079	1	9

100079	0	15

100079	1	14

100079	1	14

100079	4	13

100079	0	9

100079	5	13

100079	1	9

100079	4	13

100079	6	13

100079	5	13

100079	3	13

100079	0	15

100079	7	13

100079	2	13

100079	4	13

100080	3	10

100080	7	8

100080	2	15

100080	3	8

100080	4	12

100080	2	9

100080	5	8

100080	3	14

100080	7	10

100080	7	10

100080	4	8

100080	1	12

100080	2	14

100080	3	8

100080	2	11

100080	1	9

100081	1	10

100081	3	14

100081	2	11

100081	1	10

100081	5	10

100081	4	14

100081	3	14

100081	7	15

100081	7	15

100081	0	10

100081	6	14

100081	3	14

100081	0	14

100081	7	15

100081	0	10

100081	6	10

100082	5	9

100082	7	15

100082	1	9

100082	4	9

100082	4	9

100082	4	9

100082	0	12

100082	4	9

100082	1	9

100082	6	9

100082	2	9

100082	7	15

100082	1	9

100082	0	12

100082	2	9

100082	2	9

100083	4	9

100083	6	12

100083	4	11

100083	3	9

100083	6	15

100083	4	11

100083	3	9

100083	0	9

100083	6	13

100083	3	9

100083	6	8

100083	5	11

100083	3	11

100083	6	13

100083	2	9

100083	6	15

100084	1	9

100084	2	11

100084	4	9

100084	6	13

100084	7	12

100084	0	15

100084	0	12

100084	2	12

100084	1	9

100084	1	9

100084	1	9

100084	6	15

100084	5	9

100084	4	9

100084	0	12

100084	0	12

100085	4	12

100085	1	11

100085	0	14

100085	4	14

100085	6	14

100085	7	14

100085	1	11

100085	4	12

100085	7	14

100085	0	14

100085	0	14

100085	4	12

100085	5	9

100085	3	11

100085	7	14

100085	3	9

100086	7	13

100086	6	13

100086	3	13

100086	1	10

100086	6	13

100086	7	15

100086	0	12

100086	5	15

100086	5	15

100086	4	13

100086	3	15

100086	4	13

100086	2	13

100086	4	13

100086	6	11

100086	3	15

100087	6	8

100087	4	15

100087	1	15

100087	4	10

100087	7	8

100087	2	14

100087	4	9

100087	0	14

100087	0	8

100087	7	14

100087	2	8

100087	5	14

100087	0	14

100087	3	12

100087	7	14

100087	2	14

100088	3	8

100088	7	8

100088	7	8

100088	1	10

100088	7	8

100088	3	8

100088	7	8

100088	6	8

100088	0	10

100088	6	8

100088	5	10

100088	0	13

100088	5	10

100088	5	10

100088	1	8

100088	0	13

100089	1	13

100089	1	8

100089	4	13

100089	7	15

100089	7	14

100089	3	13

100089	6	15

100089	5	10

100089	4	14

100089	5	9

100089	0	13

100089	3	13

100089	4	14

100089	4	13

100089	6	15

100089	1	13

100090	0	9

100090	4	13

100090	2	8

100090	0	9

100090	7	14

100090	0	9

100090	1	14

100090	0	9

100090	7	14

100090	0	9

100090	4	14

100090	2	10

100090	1	13

100090	5	14

100090	3	11

100090	2	10

100091	1	13

100091	7	14

100091	5	8

100091	7	14

100091	2	12

100091	4	8

100091	7	14

100091	2	10

100091	5	10

100091	6	10

100091	5	8

100091	7	14

100091	1	13

100091	0	14

100091	6	8

100091	0	14

100092	6	9

100092	2	14

100092	3	11

100092	3	10

100092	6	10

100092	3	11

100092	4	11

100092	1	14

100092	4	11

100092	2	14

100092	6	14

100092	1	11

100092	0	10

100092	6	11

100092	5	12

100092	2	14

100093	7	12

100093	6	12

100093	4	14

100093	2	15

100093	6	15

100093	7	12

100093	2	12

100093	2	12

100093	6	12

100093	7	15

100093	2	12

100093	0	9

100093	7	15

100093	0	9

100093	3	15

100093	3	15

100094	5	9

100094	1	9

100094	2	9

100094	7	9

100094	1	9

100094	5	9

100094	4	9

100094	0	9

100094	2	9

100094	5	9

100094	3	10

100094	5	9

100094	2	9

100094	1	9

100094	0	9

100094	7	9

100095	5	13

100095	5	11

100095	5	8

100095	0	8

100095	0	11

100095	2	13

100095	1	10

100095	5	8

100095	7	14

100095	0	8

100095	2	11

100095	6	10

100095	4	12

100095	6	10

100095	2	8

100095	2	11

100096	4	9

100096	7	11

100096	4	15

100096	4	12

100096	3	13

100096	0	11

100096	6	9

100096	0	11

100096	2	11

100096	1	13

100096	7	11

100096	7	13

100096	4	10

100096	6	14

100096	5	13

100096	3	13

100097	5	14

100097	3	14

100097	4	15

100097	6	14

100097	5	14

100097	3	14

100097	1	8

100097	6	14

100097	5	14

100097	1	8

100097	7	8

100097	4	15

100097	1	8

100097	7	9

100097	1	13

100097	7	9

100098	0	15

100098	3	14

100098	4	10

100098	4	10

100098	2	12

100098	1	14

100098	0	13

100098	7	10

100098	7	12

100098	1	14

100098	2	12

100098	3	13

100098	4	10

100098	4	12

100098	5	8

100098	3	13

100099	0	15

100099	1	11

100099	1	8

100099	1	9

100099	2	14

100099	0	11

100099	1	8

100099	7	13

100099	4	14

100099	2	10

100099	4	15

100099	3	9

100099	2	14

100099	2	14

100099	4	8

100099	4	14

100100	6	8

100100	1	8

100100	3	11

100100	2	12

100100	2	8

100100	1	11

100100	3	11

100100	6	11

100100	7	8

100100	5	10

100100	6	11

100100	7	11

100100	2	8

100100	0	11

100100	4	8

100100	1	11

