100001	0	14

100001	6	10

100001	4	14

100001	5	8

100001	7	10

100001	7	10

100001	1	10

100001	4	8

100001	0	8

100001	7	11

100001	3	9

100001	6	15

100001	4	11

100001	3	15

100001	5	8

100001	2	8

100002	7	14

100002	7	14

100002	5	11

100002	2	8

100002	1	14

100002	6	8

100002	3	15

100002	4	15

100002	1	14

100002	2	8

100002	4	8

100002	5	11

100002	5	14

100002	2	8

100002	3	8

100002	2	8

100003	0	9

100003	2	13

100003	7	13

100003	1	15

100003	1	15

100003	5	13

100003	7	13

100003	4	13

100003	7	13

100003	2	13

100003	5	13

100003	6	13

100003	0	12

100003	5	13

100003	7	13

100003	2	13

100004	0	10

100004	0	12

100004	2	14

100004	5	14

100004	4	14

100004	1	14

100004	3	14

100004	4	14

100004	1	14

100004	0	13

100004	6	14

100004	7	14

100004	1	14

100004	7	14

100004	0	12

100004	5	14

100005	6	9

100005	5	11

100005	4	9

100005	7	8

100005	6	9

100005	4	15

100005	4	9

100005	5	11

100005	5	13

100005	5	11

100005	4	8

100005	3	15

100005	7	15

100005	2	9

100005	1	9

100005	2	8

100006	1	15

100006	1	15

100006	6	10

100006	5	15

100006	7	10

100006	2	8

100006	1	15

100006	4	15

100006	6	11

100006	4	15

100006	3	12

100006	3	15

100006	5	13

100006	7	15

100006	2	11

100006	5	15

100007	0	10

100007	2	13

100007	6	14

100007	2	11

100007	3	10

100007	5	11

100007	4	10

100007	1	8

100007	2	12

100007	0	8

100007	2	12

100007	4	10

100007	1	8

100007	6	14

100007	3	10

100007	1	8

100008	7	14

100008	6	14

100008	0	9

100008	0	9

100008	1	11

100008	1	13

100008	2	12

100008	4	11

100008	5	9

100008	1	11

100008	5	10

100008	2	9

100008	6	13

100008	1	13

100008	3	11

100008	5	13

100009	1	8

100009	6	13

100009	7	13

100009	3	13

100009	4	8

100009	0	9

100009	5	13

100009	7	13

100009	5	8

100009	4	14

100009	7	13

100009	6	13

100009	2	9

100009	2	8

100009	6	13

100009	2	8

100010	4	10

100010	0	12

100010	1	14

100010	0	11

100010	1	14

100010	0	13

100010	5	10

100010	1	14

100010	6	11

100010	4	10

100010	5	10

100010	6	12

100010	5	10

100010	1	10

100010	5	15

100010	5	15

100011	5	12

100011	4	12

100011	7	12

100011	2	12

100011	7	12

100011	1	12

100011	6	8

100011	0	15

100011	6	8

100011	7	8

100011	1	12

100011	6	13

100011	7	12

100011	4	12

100011	7	13

100011	6	8

100012	4	9

100012	4	14

100012	3	15

100012	5	15

100012	7	9

100012	2	15

100012	4	9

100012	6	14

100012	5	12

100012	3	15

100012	5	12

100012	7	14

100012	4	14

100012	0	12

100012	3	15

100012	5	12

100013	4	10

100013	6	9

100013	6	15

100013	4	10

100013	6	9

100013	0	15

100013	5	10

100013	0	15

100013	0	15

100013	6	9

100013	6	9

100013	0	9

100013	2	9

100013	0	9

100013	6	9

100013	4	10

100014	0	8

100014	5	11

100014	0	11

100014	3	8

100014	7	14

100014	3	8

100014	5	11

100014	5	8

100014	6	11

100014	3	8

100014	3	11

100014	4	11

100014	3	8

100014	6	11

100014	4	11

100014	1	13

100015	1	15

100015	5	14

100015	7	8

100015	3	15

100015	4	15

100015	2	15

100015	3	15

100015	6	15

100015	2	15

100015	2	15

100015	6	15

100015	3	15

100015	0	9

100015	5	12

100015	3	15

100015	0	15

100016	7	14

100016	0	14

100016	0	14

100016	7	14

100016	6	12

100016	7	14

100016	4	14

100016	2	8

100016	6	12

100016	4	14

100016	3	14

100016	7	8

100016	5	14

100016	0	14

100016	1	12

100016	2	8

100017	7	15

100017	5	15

100017	3	13

100017	5	15

100017	5	13

100017	3	13

100017	6	15

100017	7	15

100017	1	12

100017	5	15

100017	1	10

100017	6	13

100017	3	13

100017	4	13

100017	5	15

100017	7	15

100018	5	14

100018	7	13

100018	1	11

100018	3	11

100018	7	12

100018	5	14

100018	7	9

100018	4	10

100018	6	11

100018	7	10

100018	4	10

100018	4	13

100018	3	11

100018	2	11

100018	3	11

100018	7	10

100019	1	11

100019	3	13

100019	6	8

100019	6	12

100019	7	11

100019	4	9

100019	2	10

100019	1	11

100019	5	10

100019	2	9

100019	6	12

100019	4	10

100019	4	10

100019	5	14

100019	0	10

100019	6	13

100020	6	8

100020	7	8

100020	1	8

100020	2	8

100020	4	8

100020	4	8

100020	7	8

100020	5	8

100020	1	8

100020	0	8

100020	6	8

100020	5	8

100020	3	15

100020	1	8

100020	2	8

100020	0	8

100021	0	14

100021	3	14

100021	3	14

100021	3	14

100021	5	14

100021	2	14

100021	0	14

100021	4	14

100021	6	14

100021	1	14

100021	3	14

100021	7	14

100021	3	14

100021	7	14

100021	5	14

100021	4	14

100022	0	11

100022	4	8

100022	1	10

100022	5	11

100022	6	12

100022	3	11

100022	3	13

100022	7	12

100022	2	10

100022	1	12

100022	5	10

100022	4	8

100022	7	15

100022	5	11

100022	5	11

100022	6	8

100023	6	13

100023	1	9

100023	4	8

100023	4	13

100023	7	8

100023	3	8

100023	3	8

100023	2	9

100023	3	8

100023	3	8

100023	4	13

100023	2	12

100023	4	11

100023	5	10

100023	2	9

100023	3	8

100024	2	15

100024	7	12

100024	7	12

100024	2	15

100024	2	15

100024	3	12

100024	2	15

100024	6	13

100024	4	13

100024	4	8

100024	3	12

100024	2	15

100024	5	15

100024	0	15

100024	4	13

100024	3	12

100025	3	8

100025	3	11

100025	6	12

100025	7	11

100025	2	12

100025	6	12

100025	3	12

100025	2	12

100025	0	12

100025	3	8

100025	3	11

100025	6	15

100025	0	12

100025	1	12

100025	6	9

100025	5	12

100026	3	14

100026	0	10

100026	3	14

100026	3	14

100026	4	9

100026	6	8

100026	4	14

100026	5	14

100026	7	11

100026	5	14

100026	4	14

100026	3	14

100026	4	14

100026	1	14

100026	7	11

100026	3	14

100027	6	15

100027	6	15

100027	1	10

100027	3	15

100027	6	15

100027	2	15

100027	2	15

100027	2	15

100027	5	9

100027	0	13

100027	1	10

100027	5	14

100027	4	12

100027	4	12

100027	5	9

100027	2	15

100028	6	15

100028	7	15

100028	3	11

100028	7	8

100028	4	11

100028	4	9

100028	3	9

100028	3	11

100028	5	8

100028	0	9

100028	2	9

100028	6	9

100028	4	11

100028	7	8

100028	7	8

100028	3	9

100029	6	9

100029	5	13

100029	0	13

100029	1	15

100029	0	13

100029	4	8

100029	4	8

100029	4	13

100029	5	13

100029	7	10

100029	5	10

100029	0	10

100029	3	10

100029	3	15

100029	4	15

100029	3	13

100030	6	9

100030	4	9

100030	6	9

100030	6	9

100030	5	12

100030	4	10

100030	2	9

100030	2	9

100030	3	11

100030	5	10

100030	1	8

100030	2	9

100030	7	13

100030	6	9

100030	5	11

100030	2	9

100031	6	9

100031	2	12

100031	5	11

100031	3	8

100031	7	12

100031	3	8

100031	4	12

100031	6	15

100031	2	12

100031	5	9

100031	2	8

100031	3	8

100031	5	9

100031	4	12

100031	7	12

100031	2	8

100032	5	9

100032	1	13

100032	4	11

100032	0	9

100032	5	9

100032	3	12

100032	5	10

100032	3	8

100032	3	12

100032	2	13

100032	5	10

100032	3	11

100032	4	8

100032	6	13

100032	5	9

100032	5	13

100033	4	11

100033	0	11

100033	4	11

100033	2	8

100033	2	14

100033	4	11

100033	2	11

100033	3	10

100033	0	11

100033	5	12

100033	6	11

100033	0	11

100033	5	9

100033	4	9

100033	5	13

100033	2	10

100034	0	11

100034	4	15

100034	0	9

100034	0	11

100034	3	9

100034	2	15

100034	1	11

100034	0	9

100034	3	11

100034	5	11

100034	7	13

100034	0	9

100034	3	11

100034	5	9

100034	4	15

100034	1	9

100035	2	8

100035	7	10

100035	7	10

100035	4	11

100035	4	11

100035	7	12

100035	6	14

100035	3	8

100035	3	8

100035	6	9

100035	2	8

100035	7	12

100035	2	8

100035	7	11

100035	7	11

100035	0	8

100036	7	13

100036	6	12

100036	0	12

100036	0	12

100036	2	10

100036	3	9

100036	5	10

100036	4	10

100036	1	15

100036	2	12

100036	2	10

100036	7	8

100036	1	13

100036	6	12

100036	0	10

100036	4	10

100037	3	9

100037	6	13

100037	6	13

100037	0	14

100037	5	10

100037	0	14

100037	2	14

100037	6	15

100037	4	10

100037	0	14

100037	3	9

100037	7	10

100037	7	10

100037	3	9

100037	4	12

100037	5	10

100038	2	14

100038	2	14

100038	1	14

100038	1	14

100038	6	14

100038	3	14

100038	2	14

100038	2	14

100038	3	14

100038	6	14

100038	0	14

100038	4	14

100038	7	14

100038	3	14

100038	0	14

100038	6	14

100039	3	14

100039	4	12

100039	6	14

100039	6	9

100039	1	13

100039	5	15

100039	2	11

100039	7	10

100039	5	8

100039	5	15

100039	0	14

100039	3	12

100039	2	9

100039	6	15

100039	6	12

100039	0	15

100040	5	14

100040	2	8

100040	2	8

100040	3	15

100040	1	12

100040	3	15

100040	6	14

100040	7	8

100040	6	14

100040	5	11

100040	4	9

100040	5	14

100040	0	11

100040	7	15

100040	0	8

100040	5	10

100041	0	15

100041	1	9

100041	7	15

100041	1	10

100041	0	9

100041	3	13

100041	6	12

100041	7	15

100041	5	10

100041	6	12

100041	7	13

100041	7	13

100041	1	10

100041	2	13

100041	4	10

100041	3	15

100042	7	14

100042	7	8

100042	5	11

100042	4	13

100042	6	11

100042	3	10

100042	0	14

100042	0	8

100042	6	10

100042	4	14

100042	6	11

100042	0	13

100042	7	9

100042	2	12

100042	4	15

100042	0	8

100043	3	10

100043	1	11

100043	7	14

100043	3	10

100043	3	10

100043	1	15

100043	3	10

100043	3	10

100043	7	14

100043	1	15

100043	4	9

100043	0	10

100043	5	10

100043	6	14

100043	0	10

100043	0	14

100044	2	15

100044	6	15

100044	1	14

100044	5	15

100044	0	15

100044	3	9

100044	7	11

100044	1	15

100044	3	9

100044	2	9

100044	0	15

100044	6	15

100044	6	15

100044	6	15

100044	6	15

100044	0	15

100045	2	9

100045	4	8

100045	6	12

100045	1	12

100045	1	9

100045	4	9

100045	4	13

100045	1	12

100045	5	9

100045	5	9

100045	7	12

100045	4	15

100045	4	15

100045	0	12

100045	1	9

100045	6	12

100046	4	11

100046	6	14

100046	0	9

100046	2	8

100046	5	9

100046	3	9

100046	3	15

100046	1	11

100046	6	14

100046	4	11

100046	4	11

100046	7	14

100046	1	11

100046	5	15

100046	3	9

100046	3	9

100047	7	13

100047	3	8

100047	3	9

100047	0	9

100047	0	9

100047	7	10

100047	4	11

100047	6	9

100047	5	11

100047	4	9

100047	7	13

100047	6	9

100047	6	8

100047	1	10

100047	2	12

100047	1	13

100048	2	10

100048	4	15

100048	1	12

100048	5	14

100048	3	11

100048	0	14

100048	2	14

100048	7	10

100048	2	10

100048	3	11

100048	4	15

100048	0	14

100048	1	14

100048	5	15

100048	6	14

100048	6	14

100049	4	13

100049	7	13

100049	4	15

100049	1	11

100049	7	11

100049	2	9

100049	1	11

100049	6	9

100049	4	14

100049	3	11

100049	3	12

100049	4	14

100049	6	9

100049	0	15

100049	7	11

100049	0	15

100050	7	11

100050	5	11

100050	3	11

100050	5	11

100050	2	11

100050	6	8

100050	5	11

100050	7	11

100050	3	11

100050	1	8

100050	1	12

100050	3	11

100050	5	11

100050	7	11

100050	0	14

100050	1	15

100051	0	12

100051	1	15

100051	1	15

100051	1	10

100051	7	15

100051	0	12

100051	2	12

100051	2	10

100051	6	12

100051	1	12

100051	0	10

100051	7	12

100051	2	12

100051	0	10

100051	1	12

100051	3	10

100052	5	9

100052	4	11

100052	5	10

100052	5	10

100052	3	10

100052	4	14

100052	5	9

100052	2	11

100052	3	9

100052	3	10

100052	7	10

100052	1	11

100052	0	8

100052	4	11

100052	4	14

100052	3	9

100053	2	8

100053	3	11

100053	4	14

100053	4	14

100053	5	8

100053	0	8

100053	3	11

100053	7	9

100053	1	8

100053	0	8

100053	5	11

100053	2	8

100053	3	11

100053	5	8

100053	7	9

100053	2	8

100054	5	12

100054	6	11

100054	1	11

100054	0	14

100054	0	14

100054	4	13

100054	4	10

100054	1	9

100054	3	9

100054	0	8

100054	7	10

100054	0	14

100054	6	11

100054	6	11

100054	6	9

100054	4	10

100055	1	13

100055	6	9

100055	0	9

100055	0	9

100055	4	15

100055	4	12

100055	0	15

100055	5	11

100055	4	12

100055	3	12

100055	5	11

100055	4	10

100055	4	10

100055	7	9

100055	7	12

100055	5	11

100056	5	9

100056	6	9

100056	0	11

100056	6	9

100056	0	15

100056	5	9

100056	7	11

100056	6	9

100056	4	15

100056	1	13

100056	6	9

100056	5	9

100056	1	15

100056	1	13

100056	5	9

100056	3	9

100057	2	12

100057	7	13

100057	1	12

100057	0	8

100057	1	12

100057	1	12

100057	0	8

100057	1	12

100057	1	12

100057	7	12

100057	0	12

100057	4	12

100057	3	12

100057	1	12

100057	5	13

100057	0	13

100058	6	11

100058	0	11

100058	7	12

100058	5	15

100058	1	9

100058	2	12

100058	5	9

100058	7	8

100058	7	14

100058	2	14

100058	1	9

100058	4	11

100058	4	15

100058	5	9

100058	2	12

100058	5	15

100059	1	10

100059	0	10

100059	6	10

100059	1	10

100059	6	15

100059	5	10

100059	6	15

100059	3	11

100059	7	11

100059	5	10

100059	1	13

100059	1	8

100059	2	8

100059	2	11

100059	1	8

100059	7	8

100060	3	13

100060	6	12

100060	5	14

100060	5	14

100060	0	14

100060	2	13

100060	7	11

100060	4	11

100060	7	11

100060	5	9

100060	0	14

100060	1	11

100060	5	14

100060	7	11

100060	1	11

100060	2	9

100061	2	8

100061	1	9

100061	1	8

100061	3	11

100061	2	8

100061	3	10

100061	2	9

100061	7	15

100061	4	9

100061	1	9

100061	5	9

100061	5	8

100061	4	9

100061	2	8

100061	1	9

100061	2	9

100062	4	15

100062	5	9

100062	6	8

100062	2	9

100062	1	9

100062	4	10

100062	2	9

100062	6	8

100062	4	14

100062	0	9

100062	4	8

100062	2	9

100062	6	13

100062	0	9

100062	1	9

100062	0	9

100063	0	11

100063	3	13

100063	1	8

100063	3	10

100063	0	11

100063	7	12

100063	1	8

100063	0	11

100063	2	11

100063	0	11

100063	5	14

100063	3	12

100063	6	10

100063	2	11

100063	7	14

100063	1	8

100064	7	10

100064	5	13

100064	7	10

100064	7	10

100064	6	14

100064	0	10

100064	5	15

100064	2	10

100064	5	13

100064	4	14

100064	7	10

100064	5	13

100064	0	10

100064	1	14

100064	0	14

100064	6	14

100065	5	11

100065	0	13

100065	3	10

100065	1	12

100065	5	9

100065	6	11

100065	4	10

100065	5	9

100065	1	9

100065	0	13

100065	3	11

100065	5	13

100065	1	12

100065	1	12

100065	0	11

100065	4	10

100066	1	10

100066	4	12

100066	0	10

100066	3	13

100066	1	13

100066	7	13

100066	3	13

100066	5	13

100066	4	12

100066	0	13

100066	6	13

100066	7	10

100066	0	10

100066	1	13

100066	6	10

100066	6	10

100067	2	10

100067	6	12

100067	1	15

100067	2	14

100067	1	15

100067	7	11

100067	7	11

100067	0	12

100067	6	9

100067	0	12

100067	2	8

100067	1	10

100067	2	8

100067	7	11

100067	5	11

100067	7	11

100068	0	14

100068	4	14

100068	7	12

100068	2	13

100068	3	8

100068	1	10

100068	6	14

100068	3	13

100068	6	9

100068	0	15

100068	0	15

100068	3	11

100068	0	9

100068	6	14

100068	7	10

100068	7	13

100069	0	9

100069	4	12

100069	3	8

100069	4	8

100069	7	8

100069	6	9

100069	0	10

100069	2	9

100069	3	8

100069	6	13

100069	7	8

100069	4	8

100069	7	12

100069	6	8

100069	7	12

100069	7	12

100070	1	13

100070	0	15

100070	0	15

100070	3	15

100070	1	9

100070	3	9

100070	3	9

100070	3	11

100070	0	12

100070	2	15

100070	2	15

100070	5	10

100070	1	9

100070	6	12

100070	3	15

100070	7	10

100071	0	15

100071	4	15

100071	7	15

100071	6	15

100071	4	15

100071	1	15

100071	4	12

100071	0	15

100071	5	15

100071	5	15

100071	3	13

100071	2	13

100071	4	15

100071	4	12

100071	5	15

100071	0	15

100072	7	14

100072	7	14

100072	1	13

100072	4	13

100072	3	13

100072	5	14

100072	7	14

100072	2	13

100072	1	13

100072	2	13

100072	5	15

100072	6	13

100072	4	13

100072	5	8

100072	1	13

100072	4	13

100073	3	12

100073	0	11

100073	2	15

100073	1	8

100073	6	8

100073	7	13

100073	2	14

100073	6	8

100073	1	8

100073	4	8

100073	4	8

100073	2	15

100073	3	15

100073	2	14

100073	7	8

100073	4	8

100074	3	13

100074	6	10

100074	6	10

100074	4	11

100074	0	14

100074	2	13

100074	0	10

100074	3	8

100074	0	11

100074	2	9

100074	2	10

100074	2	9

100074	3	13

100074	7	11

100074	6	10

100074	0	11

100075	6	12

100075	1	15

100075	0	9

100075	2	10

100075	2	10

100075	2	10

100075	7	11

100075	1	15

100075	7	8

100075	4	15

100075	4	9

100075	5	15

100075	1	15

100075	1	12

100075	5	15

100075	2	10

100076	7	8

100076	3	8

100076	5	8

100076	4	12

100076	4	8

100076	3	8

100076	2	8

100076	7	8

100076	7	8

100076	3	8

100076	1	12

100076	4	12

100076	1	9

100076	6	9

100076	4	8

100076	2	8

100077	1	13

100077	4	12

100077	5	12

100077	4	12

100077	0	12

100077	3	12

100077	4	13

100077	0	12

100077	0	13

100077	5	12

100077	0	12

100077	2	9

100077	2	10

100077	5	13

100077	6	14

100077	6	14

100078	4	14

100078	0	11

100078	4	14

100078	0	13

100078	1	15

100078	0	8

100078	7	14

100078	6	12

100078	0	13

100078	2	15

100078	7	14

100078	1	14

100078	1	14

100078	7	14

100078	3	13

100078	0	11

100079	7	12

100079	7	12

100079	3	12

100079	5	9

100079	2	10

100079	7	12

100079	5	11

100079	5	8

100079	7	12

100079	0	11

100079	3	12

100079	0	9

100079	5	11

100079	7	12

100079	6	15

100079	3	12

100080	0	11

100080	0	11

100080	6	11

100080	1	11

100080	4	11

100080	6	11

100080	6	11

100080	7	11

100080	4	11

100080	1	11

100080	0	11

100080	3	11

100080	2	13

100080	2	13

100080	6	11

100080	2	11

100081	3	13

100081	0	13

100081	1	13

100081	3	14

100081	6	14

100081	0	13

100081	1	14

100081	6	14

100081	2	13

100081	5	14

100081	6	13

100081	4	13

100081	4	13

100081	1	14

100081	4	14

100081	5	14

100082	4	15

100082	5	15

100082	6	11

100082	4	11

100082	7	10

100082	5	13

100082	7	10

100082	2	12

100082	6	15

100082	1	8

100082	1	9

100082	3	15

100082	4	8

100082	7	10

100082	5	12

100082	0	9

100083	5	8

100083	7	8

100083	4	15

100083	0	9

100083	4	9

100083	7	9

100083	4	15

100083	3	14

100083	7	11

100083	0	11

100083	1	8

100083	7	10

100083	3	11

100083	7	8

100083	6	13

100083	4	13

100084	0	13

100084	7	13

100084	1	12

100084	1	12

100084	7	13

100084	6	11

100084	5	13

100084	6	11

100084	7	13

100084	7	13

100084	2	15

100084	6	11

100084	4	10

100084	0	12

100084	2	15

100084	7	13

100085	6	10

100085	2	10

100085	0	13

100085	2	10

100085	5	9

100085	5	11

100085	7	10

100085	6	10

100085	7	14

100085	1	10

100085	3	11

100085	7	10

100085	2	10

100085	7	10

100085	6	10

100085	2	10

100086	5	11

100086	0	11

100086	3	8

100086	1	9

100086	0	11

100086	1	9

100086	7	9

100086	1	8

100086	7	9

100086	6	11

100086	2	9

100086	5	11

100086	6	11

100086	0	11

100086	1	9

100086	4	8

100087	1	8

100087	4	9

100087	4	12

100087	5	10

100087	4	12

100087	2	14

100087	7	8

100087	4	13

100087	5	11

100087	3	9

100087	2	9

100087	2	14

100087	5	11

100087	7	14

100087	1	8

100087	5	10

100088	7	15

100088	7	15

100088	3	15

100088	1	15

100088	4	15

100088	5	15

100088	4	15

100088	6	15

100088	6	15

100088	5	15

100088	6	15

100088	7	15

100088	2	12

100088	3	15

100088	2	14

100088	3	15

100089	7	11

100089	1	14

100089	7	10

100089	0	14

100089	5	14

100089	2	14

100089	7	12

100089	5	14

100089	3	14

100089	6	14

100089	1	14

100089	6	14

100089	5	14

100089	6	14

100089	5	14

100089	2	14

100090	3	9

100090	0	10

100090	4	9

100090	7	9

100090	7	9

100090	1	10

100090	2	9

100090	7	9

100090	6	9

100090	4	9

100090	6	9

100090	4	9

100090	3	9

100090	5	9

100090	7	9

100090	4	9

100091	1	8

100091	7	12

100091	0	8

100091	6	12

100091	5	12

100091	5	12

100091	6	8

100091	4	12

100091	0	12

100091	7	8

100091	4	8

100091	5	12

100091	1	8

100091	7	8

100091	4	12

100091	6	12

100092	4	13

100092	2	9

100092	5	15

100092	7	13

100092	4	11

100092	4	13

100092	4	9

100092	2	9

100092	7	8

100092	2	13

100092	1	8

100092	2	11

100092	6	10

100092	3	9

100092	7	13

100092	5	10

100093	4	11

100093	1	14

100093	3	9

100093	5	9

100093	1	14

100093	3	14

100093	4	11

100093	0	11

100093	5	9

100093	3	14

100093	7	15

100093	5	9

100093	5	14

100093	7	13

100093	4	11

100093	2	11

100094	7	8

100094	7	8

100094	7	8

100094	2	13

100094	6	10

100094	7	8

100094	3	13

100094	0	8

100094	4	15

100094	1	8

100094	7	8

100094	5	15

100094	1	8

100094	3	12

100094	5	15

100094	0	8

100095	4	9

100095	5	14

100095	5	12

100095	5	12

100095	2	11

100095	2	11

100095	7	12

100095	4	9

100095	5	14

100095	6	11

100095	0	9

100095	1	11

100095	4	11

100095	6	11

100095	3	13

100095	4	11

100096	5	13

100096	3	8

100096	4	13

100096	1	14

100096	7	13

100096	0	13

100096	7	8

100096	3	12

100096	7	8

100096	5	13

100096	3	15

100096	5	12

100096	2	14

100096	5	12

100096	5	9

100096	7	13

100097	6	13

100097	5	11

100097	5	11

100097	6	13

100097	3	11

100097	7	11

100097	5	9

100097	6	11

100097	2	11

100097	2	11

100097	1	10

100097	5	9

100097	7	11

100097	0	15

100097	0	14

100097	5	11

100098	2	9

100098	1	14

100098	7	14

100098	1	9

100098	0	14

100098	5	9

100098	7	14

100098	2	10

100098	5	14

100098	7	14

100098	2	12

100098	5	14

100098	1	14

100098	5	14

100098	6	14

100098	2	15

100099	2	15

100099	4	15

100099	3	13

100099	1	15

100099	0	14

100099	1	15

100099	2	15

100099	5	15

100099	6	15

100099	4	15

100099	3	14

100099	1	15

100099	0	12

100099	7	12

100099	2	15

100099	7	10

100100	2	15

100100	5	8

100100	1	15

100100	6	15

100100	3	11

100100	4	10

100100	0	11

100100	7	8

100100	3	10

100100	6	11

100100	1	11

100100	1	15

100100	2	11

100100	7	8

100100	6	13

100100	0	11

