100001	3	11

100001	4	11

100001	5	8

100001	3	13

100001	5	9

100001	0	15

100001	6	10

100001	2	15

100001	3	14

100001	5	13

100001	2	13

100001	0	8

100001	2	13

100001	4	13

100001	5	9

100001	4	13

100002	1	14

100002	4	8

100002	4	8

100002	1	14

100002	1	12

100002	4	8

100002	7	9

100002	3	14

100002	4	8

100002	3	12

100002	1	14

100002	1	12

100002	6	10

100002	7	9

100002	1	8

100002	3	12

100003	3	10

100003	5	12

100003	6	10

100003	0	10

100003	3	10

100003	4	10

100003	5	8

100003	2	10

100003	6	8

100003	4	10

100003	1	9

100003	5	12

100003	1	11

100003	6	10

100003	0	12

100003	4	10

100004	6	10

100004	4	9

100004	5	9

100004	7	8

100004	3	14

100004	6	14

100004	0	12

100004	1	8

100004	3	14

100004	0	8

100004	2	11

100004	6	12

100004	0	8

100004	2	14

100004	5	9

100004	4	12

100005	5	12

100005	3	10

100005	3	10

100005	0	14

100005	2	15

100005	2	12

100005	5	15

100005	0	11

100005	6	13

100005	2	15

100005	2	12

100005	2	12

100005	6	15

100005	1	15

100005	6	15

100005	3	10

100006	0	15

100006	1	10

100006	1	10

100006	3	10

100006	4	15

100006	4	13

100006	4	13

100006	6	10

100006	3	10

100006	3	10

100006	2	13

100006	7	14

100006	5	11

100006	4	15

100006	6	10

100006	5	12

100007	4	8

100007	5	14

100007	3	8

100007	4	8

100007	5	15

100007	3	9

100007	4	8

100007	4	8

100007	3	8

100007	6	11

100007	2	9

100007	7	9

100007	6	12

100007	7	12

100007	6	9

100007	6	9

100008	2	15

100008	7	8

100008	2	15

100008	0	8

100008	6	8

100008	7	8

100008	5	9

100008	2	8

100008	4	13

100008	4	15

100008	5	9

100008	7	11

100008	5	9

100008	5	9

100008	7	8

100008	5	9

100009	3	15

100009	5	10

100009	0	10

100009	4	8

100009	2	15

100009	2	9

100009	1	15

100009	5	10

100009	7	10

100009	2	12

100009	5	8

100009	0	8

100009	7	10

100009	6	8

100009	7	10

100009	6	8

100010	7	14

100010	1	10

100010	5	10

100010	4	10

100010	0	13

100010	3	14

100010	4	10

100010	1	10

100010	5	10

100010	2	9

100010	6	14

100010	5	10

100010	1	10

100010	3	14

100010	6	14

100010	2	8

100011	1	11

100011	0	11

100011	4	12

100011	3	12

100011	1	11

100011	7	8

100011	5	11

100011	1	11

100011	5	11

100011	1	11

100011	5	11

100011	7	11

100011	0	11

100011	7	11

100011	0	11

100011	3	15

100012	5	10

100012	1	10

100012	5	10

100012	2	15

100012	5	10

100012	1	10

100012	2	15

100012	1	10

100012	7	12

100012	6	10

100012	2	15

100012	6	10

100012	7	11

100012	0	12

100012	0	12

100012	1	10

100013	6	11

100013	0	15

100013	7	14

100013	5	14

100013	5	14

100013	5	11

100013	1	15

100013	1	11

100013	3	14

100013	3	11

100013	5	11

100013	4	11

100013	4	14

100013	0	11

100013	2	8

100013	3	14

100014	2	8

100014	7	8

100014	3	8

100014	7	10

100014	3	10

100014	0	10

100014	0	8

100014	4	10

100014	3	10

100014	5	8

100014	5	8

100014	0	10

100014	0	8

100014	5	8

100014	4	8

100014	4	10

100015	3	8

100015	7	12

100015	5	12

100015	0	13

100015	3	8

100015	7	12

100015	6	12

100015	4	10

100015	0	11

100015	7	12

100015	7	12

100015	3	8

100015	1	14

100015	2	12

100015	6	12

100015	2	12

100016	2	9

100016	3	13

100016	7	8

100016	3	8

100016	6	10

100016	3	8

100016	6	13

100016	4	13

100016	2	9

100016	4	9

100016	7	13

100016	7	13

100016	4	8

100016	1	9

100016	1	9

100016	7	13

100017	7	10

100017	5	10

100017	5	10

100017	3	10

100017	6	10

100017	6	10

100017	2	10

100017	3	10

100017	3	10

100017	3	10

100017	5	10

100017	5	10

100017	3	10

100017	2	10

100017	3	10

100017	2	10

100018	0	10

100018	7	15

100018	0	10

100018	4	15

100018	7	15

100018	5	15

100018	2	12

100018	3	10

100018	0	8

100018	6	10

100018	5	10

100018	3	11

100018	2	11

100018	3	10

100018	0	8

100018	3	11

100019	1	15

100019	4	15

100019	0	10

100019	5	8

100019	4	12

100019	2	12

100019	2	12

100019	7	12

100019	6	15

100019	5	12

100019	7	11

100019	0	9

100019	2	12

100019	6	15

100019	1	8

100019	7	12

100020	2	12

100020	5	13

100020	2	12

100020	0	12

100020	3	12

100020	4	13

100020	3	12

100020	2	12

100020	0	12

100020	2	12

100020	4	13

100020	4	13

100020	7	12

100020	0	12

100020	5	13

100020	3	12

100021	4	11

100021	1	9

100021	0	9

100021	4	11

100021	6	9

100021	3	9

100021	5	9

100021	7	15

100021	3	9

100021	6	15

100021	6	15

100021	3	15

100021	4	11

100021	3	15

100021	2	9

100021	2	15

100022	3	14

100022	4	8

100022	0	14

100022	6	11

100022	2	14

100022	3	14

100022	4	9

100022	0	14

100022	1	9

100022	3	14

100022	1	9

100022	7	14

100022	4	11

100022	4	14

100022	3	8

100022	5	11

100023	4	13

100023	2	15

100023	2	15

100023	1	13

100023	4	10

100023	2	15

100023	6	10

100023	1	15

100023	7	11

100023	2	15

100023	1	15

100023	7	11

100023	2	15

100023	5	12

100023	3	11

100023	6	8

100024	4	12

100024	7	12

100024	7	12

100024	2	14

100024	5	14

100024	1	12

100024	3	11

100024	0	12

100024	1	12

100024	0	12

100024	2	13

100024	0	12

100024	6	13

100024	3	11

100024	5	9

100024	1	12

100025	3	13

100025	7	10

100025	0	10

100025	0	10

100025	5	13

100025	4	13

100025	7	13

100025	4	13

100025	2	10

100025	2	13

100025	1	9

100025	0	13

100025	3	10

100025	7	10

100025	4	13

100025	7	13

100026	6	13

100026	5	12

100026	2	9

100026	0	9

100026	0	8

100026	5	12

100026	2	13

100026	1	14

100026	0	9

100026	5	10

100026	2	13

100026	3	13

100026	3	13

100026	1	10

100026	4	13

100026	0	9

100027	2	14

100027	3	8

100027	6	8

100027	5	15

100027	4	10

100027	7	14

100027	3	8

100027	1	14

100027	3	10

100027	7	10

100027	3	14

100027	1	14

100027	0	8

100027	3	8

100027	0	10

100027	5	9

100028	2	13

100028	2	14

100028	7	8

100028	5	13

100028	4	14

100028	6	8

100028	0	12

100028	2	14

100028	3	8

100028	1	12

100028	0	12

100028	6	12

100028	3	8

100028	3	8

100028	0	8

100028	2	11

100029	5	8

100029	3	8

100029	1	8

100029	0	9

100029	0	9

100029	2	13

100029	1	8

100029	3	9

100029	0	13

100029	6	9

100029	1	8

100029	5	9

100029	7	15

100029	6	13

100029	2	8

100029	2	14

100030	0	14

100030	7	11

100030	5	15

100030	4	15

100030	1	15

100030	6	14

100030	0	13

100030	2	15

100030	6	10

100030	6	8

100030	3	11

100030	2	15

100030	2	15

100030	0	13

100030	4	15

100030	4	15

100031	0	11

100031	6	10

100031	0	13

100031	6	15

100031	3	10

100031	1	9

100031	2	15

100031	1	9

100031	0	11

100031	6	10

100031	4	14

100031	4	13

100031	5	12

100031	0	8

100031	3	15

100031	2	15

100032	0	11

100032	3	8

100032	1	11

100032	0	11

100032	0	11

100032	2	11

100032	1	11

100032	0	11

100032	5	12

100032	6	11

100032	0	11

100032	3	8

100032	5	10

100032	6	11

100032	6	11

100032	4	11

100033	7	13

100033	0	13

100033	5	14

100033	4	13

100033	0	13

100033	0	13

100033	5	12

100033	5	9

100033	0	13

100033	1	13

100033	0	13

100033	1	13

100033	7	13

100033	2	13

100033	7	13

100033	6	13

100034	7	8

100034	3	14

100034	4	12

100034	6	8

100034	0	8

100034	6	8

100034	4	10

100034	5	8

100034	5	8

100034	5	8

100034	0	8

100034	1	8

100034	2	8

100034	4	10

100034	4	12

100034	2	8

100035	0	13

100035	6	10

100035	7	13

100035	0	13

100035	6	13

100035	3	9

100035	6	13

100035	5	9

100035	4	9

100035	3	9

100035	2	11

100035	2	11

100035	4	9

100035	5	9

100035	2	11

100035	4	9

100036	6	13

100036	6	8

100036	4	8

100036	5	12

100036	7	12

100036	7	14

100036	6	13

100036	0	11

100036	2	10

100036	4	13

100036	0	12

100036	7	15

100036	3	15

100036	7	15

100036	0	12

100036	2	9

100037	4	12

100037	5	10

100037	5	10

100037	2	9

100037	3	15

100037	1	11

100037	7	10

100037	4	15

100037	0	10

100037	2	11

100037	3	13

100037	7	8

100037	2	9

100037	3	15

100037	0	10

100037	6	9

100038	7	14

100038	1	14

100038	6	10

100038	5	9

100038	6	8

100038	6	8

100038	5	9

100038	0	14

100038	5	9

100038	6	8

100038	6	8

100038	3	13

100038	2	9

100038	0	13

100038	1	14

100038	1	14

100039	6	14

100039	4	10

100039	5	14

100039	3	14

100039	2	15

100039	0	13

100039	6	14

100039	5	15

100039	6	14

100039	7	14

100039	1	9

100039	5	15

100039	5	15

100039	2	15

100039	0	8

100039	2	14

100040	4	9

100040	1	13

100040	6	15

100040	1	15

100040	3	9

100040	6	10

100040	2	11

100040	3	15

100040	3	15

100040	6	13

100040	4	15

100040	6	15

100040	6	13

100040	0	15

100040	4	9

100040	6	13

100041	3	14

100041	3	14

100041	0	14

100041	4	14

100041	3	8

100041	0	8

100041	1	14

100041	2	11

100041	6	9

100041	1	14

100041	5	11

100041	1	8

100041	1	14

100041	3	8

100041	1	8

100041	1	14

100042	6	11

100042	0	11

100042	1	11

100042	3	11

100042	7	11

100042	4	11

100042	1	11

100042	3	11

100042	0	11

100042	7	11

100042	4	11

100042	4	11

100042	1	11

100042	0	11

100042	7	11

100042	1	11

100043	6	15

100043	4	9

100043	4	14

100043	6	15

100043	4	12

100043	1	12

100043	4	15

100043	5	10

100043	0	15

100043	1	8

100043	2	12

100043	4	10

100043	7	10

100043	0	11

100043	5	8

100043	7	10

100044	4	14

100044	2	15

100044	5	10

100044	5	11

100044	2	11

100044	4	14

100044	0	13

100044	4	14

100044	2	15

100044	3	15

100044	0	12

100044	1	14

100044	0	12

100044	3	10

100044	0	14

100044	0	14

100045	1	13

100045	5	8

100045	3	14

100045	4	12

100045	4	12

100045	1	15

100045	1	15

100045	2	13

100045	1	15

100045	0	12

100045	3	15

100045	3	14

100045	6	12

100045	2	10

100045	3	15

100045	2	9

100046	4	15

100046	3	15

100046	2	15

100046	6	11

100046	3	11

100046	3	11

100046	5	11

100046	1	13

100046	1	15

100046	0	14

100046	0	13

100046	1	15

100046	1	15

100046	3	15

100046	3	11

100046	5	11

100047	4	8

100047	3	13

100047	3	13

100047	1	14

100047	1	14

100047	3	13

100047	5	13

100047	7	14

100047	2	13

100047	6	13

100047	2	13

100047	0	13

100047	3	13

100047	4	10

100047	0	13

100047	5	13

100048	7	15

100048	4	11

100048	6	11

100048	3	11

100048	2	8

100048	7	15

100048	3	10

100048	7	15

100048	3	11

100048	4	11

100048	3	10

100048	6	11

100048	4	11

100048	1	15

100048	7	15

100048	1	15

100049	5	14

100049	7	13

100049	7	11

100049	4	9

100049	5	10

100049	5	14

100049	2	11

100049	7	10

100049	0	15

100049	3	14

100049	6	14

100049	7	9

100049	6	10

100049	0	10

100049	7	10

100049	1	15

100050	0	12

100050	3	14

100050	1	12

100050	5	12

100050	3	13

100050	7	12

100050	4	8

100050	5	12

100050	0	12

100050	0	12

100050	2	11

100050	1	12

100050	3	12

100050	7	12

100050	6	13

100050	3	13

100051	0	14

100051	1	11

100051	7	14

100051	6	8

100051	1	11

100051	4	10

100051	0	14

100051	3	14

100051	0	14

100051	3	14

100051	4	14

100051	4	11

100051	0	14

100051	1	11

100051	6	8

100051	5	14

100052	5	9

100052	3	14

100052	5	9

100052	1	13

100052	7	14

100052	1	15

100052	5	9

100052	1	8

100052	6	10

100052	0	9

100052	7	14

100052	0	9

100052	1	12

100052	1	15

100052	6	14

100052	4	14

100053	7	14

100053	6	10

100053	1	14

100053	2	15

100053	1	10

100053	5	14

100053	5	14

100053	7	10

100053	0	10

100053	7	14

100053	4	11

100053	2	11

100053	3	14

100053	6	14

100053	0	14

100053	2	11

100054	4	13

100054	0	13

100054	1	13

100054	3	10

100054	2	13

100054	0	13

100054	3	10

100054	3	10

100054	6	10

100054	6	10

100054	3	10

100054	4	13

100054	3	10

100054	6	10

100054	4	13

100054	0	13

100055	6	9

100055	7	14

100055	7	8

100055	5	14

100055	1	9

100055	2	10

100055	6	9

100055	5	15

100055	4	14

100055	4	8

100055	5	15

100055	5	15

100055	3	12

100055	1	13

100055	7	14

100055	7	15

100056	0	15

100056	4	11

100056	6	11

100056	4	14

100056	1	11

100056	5	11

100056	0	10

100056	1	11

100056	4	9

100056	7	9

100056	6	9

100056	2	10

100056	3	14

100056	0	15

100056	6	9

100056	0	11

100057	3	14

100057	3	8

100057	6	10

100057	3	8

100057	2	11

100057	5	9

100057	4	10

100057	1	12

100057	5	10

100057	7	9

100057	1	13

100057	4	10

100057	4	9

100057	3	12

100057	4	10

100057	7	9

100058	4	8

100058	0	9

100058	1	14

100058	5	9

100058	3	13

100058	6	8

100058	2	13

100058	0	9

100058	5	13

100058	6	8

100058	0	9

100058	1	8

100058	0	11

100058	2	13

100058	4	11

100058	6	8

100059	4	14

100059	3	14

100059	1	8

100059	7	14

100059	1	8

100059	3	14

100059	3	14

100059	5	11

100059	7	14

100059	3	14

100059	2	10

100059	4	14

100059	7	14

100059	4	14

100059	7	14

100059	4	14

100060	1	12

100060	2	12

100060	6	12

100060	7	12

100060	4	15

100060	5	8

100060	1	12

100060	7	8

100060	2	15

100060	7	12

100060	4	9

100060	3	8

100060	0	12

100060	4	15

100060	4	12

100060	1	12

100061	3	14

100061	1	14

100061	4	13

100061	0	11

100061	6	12

100061	0	14

100061	4	14

100061	0	14

100061	1	14

100061	0	11

100061	6	13

100061	7	10

100061	4	12

100061	1	12

100061	3	14

100061	0	14

100062	3	11

100062	3	13

100062	0	10

100062	6	10

100062	7	10

100062	0	10

100062	6	10

100062	0	10

100062	2	15

100062	3	15

100062	7	10

100062	3	11

100062	6	10

100062	2	14

100062	5	14

100062	1	14

100063	4	10

100063	7	9

100063	1	15

100063	6	9

100063	3	8

100063	4	13

100063	0	15

100063	0	15

100063	6	9

100063	2	9

100063	5	15

100063	2	9

100063	3	15

100063	3	15

100063	5	15

100063	3	12

100064	7	9

100064	4	10

100064	1	15

100064	1	8

100064	5	13

100064	4	9

100064	3	8

100064	3	10

100064	7	9

100064	1	15

100064	4	8

100064	6	8

100064	7	9

100064	1	15

100064	2	15

100064	0	11

100065	6	13

100065	5	12

100065	1	12

100065	3	14

100065	5	12

100065	6	14

100065	1	12

100065	7	15

100065	7	13

100065	7	15

100065	0	15

100065	1	9

100065	7	14

100065	2	13

100065	5	9

100065	6	14

100066	5	14

100066	5	8

100066	3	15

100066	1	12

100066	3	15

100066	1	12

100066	0	9

100066	3	15

100066	4	14

100066	4	14

100066	1	12

100066	2	15

100066	2	12

100066	6	12

100066	6	14

100066	5	9

100067	1	15

100067	0	14

100067	1	15

100067	5	14

100067	3	9

100067	5	14

100067	4	14

100067	1	15

100067	7	15

100067	5	8

100067	4	14

100067	4	13

100067	7	9

100067	4	14

100067	1	15

100067	7	15

100068	3	11

100068	7	11

100068	7	14

100068	4	10

100068	6	14

100068	5	8

100068	6	13

100068	4	10

100068	6	8

100068	5	14

100068	4	13

100068	6	13

100068	2	11

100068	3	14

100068	7	8

100068	0	13

100069	7	15

100069	4	15

100069	1	14

100069	4	15

100069	7	15

100069	0	12

100069	2	12

100069	4	15

100069	1	15

100069	6	12

100069	4	15

100069	3	12

100069	7	15

100069	2	12

100069	6	12

100069	4	15

100070	7	14

100070	6	14

100070	1	10

100070	5	14

100070	0	13

100070	6	9

100070	1	10

100070	7	14

100070	0	13

100070	5	9

100070	1	13

100070	4	10

100070	7	9

100070	1	13

100070	4	10

100070	4	10

100071	4	10

100071	3	13

100071	5	8

100071	7	8

100071	7	8

100071	7	12

100071	2	15

100071	1	15

100071	0	9

100071	5	12

100071	6	15

100071	2	9

100071	1	14

100071	4	10

100071	1	13

100071	6	9

100072	6	10

100072	0	11

100072	1	14

100072	4	13

100072	4	15

100072	1	13

100072	3	8

100072	3	12

100072	5	8

100072	2	15

100072	3	8

100072	7	15

100072	7	13

100072	7	13

100072	0	9

100072	2	14

100073	2	13

100073	1	14

100073	0	12

100073	6	9

100073	2	8

100073	2	8

100073	4	14

100073	4	9

100073	5	14

100073	7	10

100073	4	12

100073	0	8

100073	7	10

100073	4	12

100073	4	14

100073	3	8

100074	4	15

100074	1	15

100074	5	14

100074	5	14

100074	1	15

100074	7	9

100074	1	15

100074	7	13

100074	5	14

100074	6	12

100074	2	9

100074	0	11

100074	0	15

100074	5	13

100074	6	12

100074	0	15

100075	2	13

100075	6	15

100075	1	15

100075	6	15

100075	3	15

100075	5	13

100075	6	15

100075	4	12

100075	0	13

100075	7	15

100075	1	13

100075	4	12

100075	2	13

100075	5	12

100075	6	15

100075	7	15

100076	0	13

100076	3	15

100076	4	13

100076	7	13

100076	3	8

100076	1	13

100076	1	13

100076	3	9

100076	0	13

100076	5	13

100076	3	9

100076	2	13

100076	4	13

100076	2	13

100076	2	13

100076	2	13

100077	5	13

100077	0	13

100077	0	14

100077	1	9

100077	0	14

100077	5	15

100077	3	13

100077	4	15

100077	2	12

100077	0	15

100077	3	15

100077	7	10

100077	3	13

100077	6	9

100077	5	15

100077	5	13

100078	7	10

100078	1	10

100078	3	15

100078	4	9

100078	2	9

100078	2	12

100078	7	10

100078	7	10

100078	3	13

100078	3	15

100078	2	8

100078	5	13

100078	6	10

100078	2	8

100078	5	8

100078	0	10

100079	3	10

100079	0	9

100079	2	12

100079	5	15

100079	4	8

100079	2	11

100079	4	8

100079	1	11

100079	7	9

100079	7	10

100079	3	13

100079	4	11

100079	0	10

100079	1	10

100079	5	9

100079	2	12

100080	2	13

100080	1	14

100080	2	13

100080	4	10

100080	0	13

100080	2	13

100080	5	14

100080	0	13

100080	6	13

100080	2	13

100080	3	9

100080	5	14

100080	5	14

100080	5	14

100080	3	9

100080	3	12

100081	6	13

100081	0	15

100081	6	13

100081	3	14

100081	5	10

100081	2	9

100081	1	9

100081	5	10

100081	4	15

100081	5	10

100081	0	9

100081	6	13

100081	7	12

100081	1	11

100081	3	14

100081	4	15

100082	6	8

100082	2	12

100082	1	8

100082	2	12

100082	7	12

100082	4	15

100082	7	12

100082	2	12

100082	7	12

100082	7	12

100082	4	15

100082	0	15

100082	2	12

100082	0	15

100082	1	15

100082	3	15

100083	4	15

100083	7	9

100083	6	8

100083	3	9

100083	6	10

100083	4	11

100083	2	11

100083	7	9

100083	2	15

100083	5	9

100083	1	15

100083	6	14

100083	5	9

100083	2	15

100083	1	11

100083	0	15

100084	1	8

100084	5	14

100084	4	9

100084	5	14

100084	3	15

100084	1	12

100084	3	11

100084	5	14

100084	5	8

100084	2	12

100084	6	12

100084	6	14

100084	6	14

100084	4	9

100084	2	9

100084	2	12

100085	1	9

100085	5	9

100085	6	15

100085	6	14

100085	2	14

100085	0	9

100085	5	9

100085	3	11

100085	3	13

100085	6	10

100085	4	9

100085	5	14

100085	5	8

100085	7	9

100085	6	14

100085	2	14

100086	7	14

100086	7	14

100086	3	10

100086	5	14

100086	3	11

100086	5	14

100086	6	12

100086	3	11

100086	1	13

100086	0	13

100086	5	12

100086	7	14

100086	6	12

100086	0	13

100086	7	14

100086	6	12

100087	3	12

100087	6	13

100087	1	12

100087	4	12

100087	5	15

100087	0	10

100087	1	11

100087	7	9

100087	0	10

100087	1	12

100087	3	12

100087	2	14

100087	4	13

100087	3	12

100087	1	12

100087	5	9

100088	5	10

100088	7	11

100088	0	11

100088	2	9

100088	6	13

100088	7	13

100088	4	9

100088	3	13

100088	1	11

100088	1	11

100088	1	13

100088	3	11

100088	7	11

100088	5	11

100088	5	12

100088	0	13

100089	0	9

100089	1	12

100089	3	10

100089	0	8

100089	2	10

100089	0	11

100089	2	12

100089	5	10

100089	7	10

100089	2	12

100089	1	10

100089	4	12

100089	0	9

100089	1	10

100089	7	12

100089	2	10

100090	7	10

100090	6	10

100090	6	10

100090	6	14

100090	2	14

100090	6	10

100090	0	15

100090	4	10

100090	7	10

100090	0	15

100090	6	10

100090	6	14

100090	7	10

100090	4	10

100090	6	10

100090	2	14

100091	7	10

100091	6	9

100091	1	14

100091	5	14

100091	4	14

100091	6	9

100091	0	12

100091	4	12

100091	2	10

100091	5	12

100091	5	14

100091	6	9

100091	5	12

100091	1	8

100091	1	14

100091	6	9

100092	5	9

100092	0	9

100092	2	10

100092	3	8

100092	4	8

100092	2	11

100092	0	9

100092	2	8

100092	2	10

100092	3	9

100092	0	9

100092	2	10

100092	1	10

100092	7	9

100092	6	10

100092	0	9

100093	5	11

100093	3	11

100093	6	9

100093	1	11

100093	5	11

100093	5	11

100093	3	12

100093	7	12

100093	4	14

100093	5	11

100093	2	12

100093	3	11

100093	6	14

100093	4	9

100093	5	11

100093	6	9

100094	2	15

100094	4	10

100094	1	15

100094	6	15

100094	6	9

100094	2	9

100094	5	10

100094	1	9

100094	3	11

100094	0	9

100094	3	12

100094	6	15

100094	3	8

100094	6	15

100094	7	10

100094	3	15

100095	1	9

100095	4	15

100095	4	9

100095	4	15

100095	4	12

100095	4	9

100095	6	12

100095	4	12

100095	3	15

100095	5	9

100095	1	15

100095	7	13

100095	4	13

100095	1	15

100095	5	8

100095	7	8

100096	7	10

100096	0	8

100096	4	8

100096	4	8

100096	6	8

100096	1	8

100096	3	8

100096	0	13

100096	2	9

100096	0	8

100096	5	14

100096	5	14

100096	7	9

100096	1	13

100096	0	13

100096	2	11

100097	7	13

100097	7	8

100097	5	15

100097	2	15

100097	1	15

100097	6	10

100097	1	15

100097	0	15

100097	0	15

100097	1	15

100097	2	15

100097	6	10

100097	0	15

100097	4	13

100097	7	13

100097	1	15

100098	2	9

100098	7	14

100098	1	9

100098	6	8

100098	4	14

100098	2	8

100098	3	14

100098	0	9

100098	0	9

100098	7	8

100098	2	9

100098	1	8

100098	2	9

100098	1	14

100098	7	9

100098	4	14

100099	6	14

100099	4	12

100099	3	13

100099	5	13

100099	5	12

100099	1	12

100099	0	12

100099	5	11

100099	6	9

100099	7	12

100099	1	8

100099	7	15

100099	6	10

100099	4	12

100099	0	12

100099	0	12

100100	3	12

100100	6	12

100100	0	9

100100	6	12

100100	1	9

100100	6	12

100100	3	12

100100	7	12

100100	4	8

100100	2	12

100100	5	12

100100	2	12

100100	0	9

100100	2	12

100100	1	9

100100	6	12

