100001	1	9

100001	6	14

100001	7	14

100001	2	9

100001	0	15

100001	2	14

100001	2	13

100001	5	14

100001	3	14

100001	7	9

100001	7	11

100001	5	12

100001	4	13

100001	2	11

100001	3	8

100001	5	9

100002	7	13

100002	7	14

100002	0	15

100002	1	14

100002	1	8

100002	5	9

100002	0	12

100002	1	11

100002	3	10

100002	6	15

100002	0	12

100002	6	12

100002	1	10

100002	3	12

100002	1	10

100002	1	10

100003	5	13

100003	4	15

100003	1	8

100003	3	13

100003	4	11

100003	7	9

100003	7	11

100003	7	9

100003	3	8

100003	3	15

100003	5	8

100003	6	10

100003	0	13

100003	4	10

100003	0	9

100003	2	13

100004	7	13

100004	4	14

100004	2	9

100004	1	14

100004	0	15

100004	0	9

100004	5	13

100004	6	10

100004	6	11

100004	2	8

100004	5	9

100004	7	13

100004	3	8

100004	5	11

100004	0	9

100004	6	9

100005	3	11

100005	3	9

100005	5	8

100005	1	9

100005	0	9

100005	7	14

100005	2	12

100005	1	14

100005	1	9

100005	5	13

100005	0	8

100005	5	15

100005	7	9

100005	2	15

100005	3	12

100005	5	14

100006	0	8

100006	5	11

100006	0	11

100006	5	12

100006	0	15

100006	6	15

100006	6	12

100006	4	13

100006	5	9

100006	7	14

100006	6	11

100006	7	15

100006	4	8

100006	3	11

100006	1	11

100006	4	10

100007	6	8

100007	4	15

100007	1	11

100007	5	11

100007	0	12

100007	7	12

100007	2	12

100007	1	13

100007	6	9

100007	0	9

100007	3	9

100007	6	9

100007	7	12

100007	0	14

100007	5	13

100007	3	14

100008	4	14

100008	6	8

100008	4	12

100008	3	14

100008	0	12

100008	3	9

100008	7	10

100008	6	13

100008	7	15

100008	7	10

100008	3	9

100008	2	8

100008	2	10

100008	6	15

100008	3	11

100008	7	8

100009	4	15

100009	4	12

100009	4	15

100009	3	12

100009	3	14

100009	1	15

100009	4	10

100009	3	9

100009	4	9

100009	7	12

100009	7	8

100009	6	14

100009	2	10

100009	3	10

100009	6	12

100009	6	10

100010	4	8

100010	2	14

100010	0	8

100010	2	9

100010	5	12

100010	6	14

100010	7	13

100010	4	14

100010	7	13

100010	4	15

100010	7	15

100010	6	9

100010	6	13

100010	6	14

100010	2	11

100010	5	10

100011	2	9

100011	6	13

100011	6	14

100011	5	15

100011	2	9

100011	7	15

100011	7	15

100011	6	12

100011	4	12

100011	5	15

100011	0	13

100011	0	15

100011	6	10

100011	3	12

100011	7	11

100011	0	9

100012	6	15

100012	6	15

100012	1	14

100012	7	13

100012	6	10

100012	4	10

100012	4	15

100012	1	9

100012	3	8

100012	2	10

100012	7	15

100012	3	11

100012	5	12

100012	0	14

100012	1	15

100012	4	13

100013	3	12

100013	2	11

100013	7	8

100013	1	13

100013	5	12

100013	6	8

100013	1	13

100013	6	14

100013	5	8

100013	3	10

100013	6	13

100013	1	15

100013	5	8

100013	7	14

100013	6	10

100013	0	11

100014	2	10

100014	0	10

100014	5	9

100014	7	10

100014	5	12

100014	2	9

100014	0	12

100014	2	9

100014	6	9

100014	0	11

100014	0	14

100014	1	15

100014	7	13

100014	4	11

100014	0	15

100014	3	15

100015	6	11

100015	2	13

100015	5	14

100015	1	8

100015	6	8

100015	5	13

100015	0	15

100015	3	14

100015	0	15

100015	5	13

100015	5	13

100015	4	11

100015	5	11

100015	5	14

100015	7	15

100015	0	11

100016	5	15

100016	4	10

100016	7	9

100016	2	11

100016	6	12

100016	1	13

100016	6	11

100016	1	15

100016	5	9

100016	0	9

100016	6	10

100016	4	9

100016	1	13

100016	7	12

100016	4	13

100016	2	12

100017	0	14

100017	0	14

100017	5	15

100017	0	15

100017	7	12

100017	1	13

100017	3	8

100017	0	13

100017	1	15

100017	3	10

100017	0	12

100017	5	11

100017	0	8

100017	2	15

100017	2	15

100017	3	9

100018	7	14

100018	5	13

100018	2	9

100018	2	12

100018	7	15

100018	7	9

100018	6	12

100018	1	12

100018	5	13

100018	5	10

100018	5	10

100018	3	13

100018	0	11

100018	6	15

100018	6	9

100018	5	9

100019	0	12

100019	3	9

100019	5	14

100019	5	13

100019	0	8

100019	1	9

100019	3	13

100019	3	10

100019	6	13

100019	2	9

100019	2	10

100019	7	15

100019	1	8

100019	3	10

100019	4	14

100019	5	12

100020	4	15

100020	6	12

100020	3	8

100020	0	14

100020	2	12

100020	4	14

100020	1	9

100020	3	8

100020	1	12

100020	7	15

100020	4	15

100020	6	13

100020	4	11

100020	6	9

100020	2	14

100020	5	10

100021	6	14

100021	7	14

100021	5	14

100021	0	8

100021	5	11

100021	0	9

100021	1	15

100021	1	14

100021	0	10

100021	3	13

100021	1	9

100021	1	10

100021	7	10

100021	5	8

100021	2	14

100021	4	14

100022	6	14

100022	6	15

100022	7	10

100022	2	12

100022	2	13

100022	0	9

100022	3	10

100022	1	8

100022	1	9

100022	4	15

100022	3	9

100022	3	8

100022	6	10

100022	6	9

100022	2	10

100022	6	9

100023	4	14

100023	3	11

100023	0	14

100023	6	10

100023	7	15

100023	6	13

100023	7	11

100023	4	13

100023	3	9

100023	2	15

100023	7	15

100023	2	10

100023	3	15

100023	2	15

100023	2	9

100023	4	11

100024	0	15

100024	3	15

100024	3	9

100024	5	12

100024	1	11

100024	2	10

100024	5	15

100024	6	14

100024	3	12

100024	1	8

100024	6	13

100024	2	11

100024	2	14

100024	7	8

100024	0	13

100024	2	8

100025	4	8

100025	0	13

100025	4	12

100025	4	14

100025	4	10

100025	5	15

100025	6	8

100025	6	8

100025	2	13

100025	5	13

100025	5	12

100025	2	10

100025	0	10

100025	1	13

100025	2	15

100025	4	13

100026	5	9

100026	1	12

100026	5	12

100026	0	9

100026	0	13

100026	5	12

100026	0	12

100026	2	10

100026	1	15

100026	3	9

100026	3	13

100026	4	13

100026	2	10

100026	1	12

100026	2	11

100026	0	11

100027	7	15

100027	0	13

100027	5	15

100027	2	14

100027	4	11

100027	6	10

100027	3	15

100027	4	8

100027	4	11

100027	0	9

100027	5	15

100027	2	8

100027	5	8

100027	0	10

100027	7	10

100027	2	11

100028	0	10

100028	2	14

100028	6	8

100028	6	10

100028	3	10

100028	1	9

100028	3	12

100028	2	14

100028	3	9

100028	4	13

100028	2	13

100028	0	10

100028	3	10

100028	7	12

100028	3	11

100028	7	15

100029	7	15

100029	3	15

100029	1	9

100029	0	8

100029	3	12

100029	1	8

100029	1	12

100029	2	8

100029	0	11

100029	3	11

100029	3	10

100029	2	11

100029	0	10

100029	6	13

100029	1	10

100029	6	12

100030	2	8

100030	3	14

100030	4	14

100030	2	8

100030	4	8

100030	7	13

100030	6	8

100030	2	9

100030	2	8

100030	7	11

100030	0	8

100030	3	14

100030	0	12

100030	7	9

100030	7	13

100030	0	14

100031	6	11

100031	4	12

100031	6	15

100031	6	8

100031	1	9

100031	5	8

100031	4	8

100031	2	13

100031	6	12

100031	0	9

100031	7	9

100031	0	12

100031	6	10

100031	6	10

100031	5	15

100031	1	10

100032	1	8

100032	4	11

100032	5	15

100032	6	12

100032	3	8

100032	1	13

100032	0	11

100032	4	14

100032	2	12

100032	3	12

100032	6	14

100032	0	12

100032	0	9

100032	1	13

100032	4	11

100032	2	8

100033	4	15

100033	0	9

100033	7	15

100033	1	12

100033	6	15

100033	1	10

100033	5	13

100033	3	10

100033	5	10

100033	1	12

100033	1	10

100033	7	13

100033	0	12

100033	4	14

100033	5	15

100033	0	9

100034	0	11

100034	5	13

100034	2	10

100034	2	14

100034	6	8

100034	5	10

100034	7	9

100034	7	12

100034	5	8

100034	2	13

100034	3	13

100034	6	12

100034	4	12

100034	2	13

100034	2	13

100034	2	8

100035	1	8

100035	7	14

100035	6	11

100035	2	14

100035	5	11

100035	4	12

100035	4	11

100035	2	9

100035	2	10

100035	5	9

100035	7	8

100035	0	10

100035	1	8

100035	3	10

100035	6	14

100035	6	9

100036	0	14

100036	6	10

100036	1	11

100036	3	9

100036	4	10

100036	4	14

100036	2	10

100036	0	12

100036	1	13

100036	0	14

100036	0	14

100036	7	8

100036	1	12

100036	7	11

100036	6	9

100036	6	10

100037	2	10

100037	3	10

100037	7	11

100037	2	8

100037	7	14

100037	4	12

100037	4	10

100037	5	12

100037	7	9

100037	0	10

100037	4	10

100037	5	10

100037	7	14

100037	7	13

100037	5	12

100037	4	8

100038	2	12

100038	7	15

100038	2	12

100038	5	12

100038	1	14

100038	5	11

100038	2	14

100038	7	14

100038	4	10

100038	5	15

100038	4	9

100038	1	15

100038	5	12

100038	0	10

100038	2	11

100038	6	11

100039	1	12

100039	2	9

100039	3	15

100039	3	15

100039	0	13

100039	7	14

100039	2	15

100039	7	11

100039	4	15

100039	1	15

100039	2	11

100039	2	14

100039	4	11

100039	5	13

100039	6	12

100039	4	8

100040	3	8

100040	2	15

100040	2	13

100040	7	12

100040	2	12

100040	4	15

100040	0	12

100040	6	11

100040	0	15

100040	4	14

100040	3	13

100040	0	13

100040	3	15

100040	0	8

100040	4	12

100040	3	14

100041	5	12

100041	2	14

100041	4	9

100041	5	10

100041	1	10

100041	0	14

100041	6	9

100041	2	10

100041	6	9

100041	3	14

100041	2	10

100041	3	15

100041	5	9

100041	2	12

100041	2	9

100041	1	13

100042	1	8

100042	0	12

100042	3	14

100042	2	13

100042	7	10

100042	5	13

100042	6	15

100042	5	9

100042	5	14

100042	5	15

100042	6	9

100042	2	9

100042	4	15

100042	2	14

100042	5	11

100042	3	15

100043	2	10

100043	4	15

100043	6	8

100043	0	8

100043	3	8

100043	2	13

100043	0	8

100043	3	8

100043	5	9

100043	5	12

100043	0	8

100043	0	10

100043	4	14

100043	4	11

100043	0	15

100043	1	10

100044	1	14

100044	5	9

100044	0	9

100044	1	12

100044	7	12

100044	2	12

100044	3	12

100044	7	8

100044	0	14

100044	2	14

100044	7	12

100044	0	13

100044	6	8

100044	1	8

100044	3	11

100044	5	13

100045	1	13

100045	1	9

100045	2	13

100045	1	11

100045	4	12

100045	6	14

100045	0	15

100045	4	10

100045	1	8

100045	7	12

100045	0	11

100045	1	13

100045	6	14

100045	1	12

100045	6	15

100045	5	8

100046	0	15

100046	2	11

100046	0	13

100046	2	13

100046	1	8

100046	0	11

100046	6	12

100046	6	9

100046	6	8

100046	2	12

100046	0	10

100046	0	10

100046	6	12

100046	1	13

100046	6	8

100046	6	9

100047	7	13

100047	0	13

100047	4	9

100047	1	15

100047	5	12

100047	0	14

100047	0	10

100047	0	13

100047	4	11

100047	7	11

100047	7	10

100047	5	11

100047	1	9

100047	1	15

100047	1	12

100047	5	10

100048	6	9

100048	1	11

100048	6	15

100048	4	15

100048	7	15

100048	2	9

100048	0	11

100048	0	14

100048	6	11

100048	6	10

100048	1	14

100048	3	13

100048	1	15

100048	6	11

100048	6	15

100048	0	14

100049	7	10

100049	0	13

100049	6	14

100049	7	15

100049	2	10

100049	1	13

100049	5	11

100049	6	12

100049	5	9

100049	3	10

100049	3	15

100049	3	9

100049	0	13

100049	3	13

100049	6	10

100049	5	8

100050	0	9

100050	3	13

100050	0	14

100050	5	9

100050	0	10

100050	6	14

100050	4	9

100050	4	9

100050	2	12

100050	2	11

100050	4	9

100050	6	13

100050	1	14

100050	6	12

100050	5	10

100050	6	15

100051	2	9

100051	3	9

100051	0	13

100051	1	13

100051	4	13

100051	1	15

100051	5	11

100051	4	13

100051	4	11

100051	6	13

100051	5	10

100051	1	10

100051	0	12

100051	6	10

100051	1	14

100051	3	9

100052	2	15

100052	2	12

100052	2	11

100052	6	8

100052	6	13

100052	4	8

100052	0	10

100052	3	13

100052	6	9

100052	4	11

100052	0	11

100052	2	11

100052	1	13

100052	3	9

100052	0	15

100052	2	8

100053	4	8

100053	5	12

100053	5	13

100053	7	15

100053	6	8

100053	7	14

100053	1	14

100053	6	15

100053	3	14

100053	1	9

100053	6	14

100053	6	13

100053	3	8

100053	7	8

100053	0	13

100053	6	14

100054	4	13

100054	6	8

100054	2	12

100054	4	15

100054	3	10

100054	6	13

100054	4	9

100054	7	8

100054	6	15

100054	4	8

100054	1	10

100054	2	10

100054	3	10

100054	7	8

100054	0	10

100054	1	9

100055	6	11

100055	4	9

100055	6	15

100055	4	12

100055	6	12

100055	7	10

100055	0	13

100055	2	8

100055	2	9

100055	4	13

100055	4	14

100055	5	11

100055	4	8

100055	2	14

100055	3	9

100055	5	9

100056	2	9

100056	6	11

100056	2	12

100056	0	15

100056	5	13

100056	5	11

100056	2	13

100056	3	12

100056	5	9

100056	3	9

100056	0	13

100056	4	15

100056	4	14

100056	3	10

100056	0	8

100056	5	9

100057	6	13

100057	3	12

100057	0	8

100057	6	12

100057	1	10

100057	5	8

100057	7	14

100057	7	8

100057	7	14

100057	5	12

100057	3	8

100057	1	9

100057	7	12

100057	3	12

100057	5	15

100057	1	12

100058	2	11

100058	1	13

100058	5	15

100058	1	14

100058	3	13

100058	1	8

100058	5	13

100058	4	8

100058	6	8

100058	7	8

100058	3	8

100058	2	9

100058	1	9

100058	3	14

100058	5	14

100058	1	10

100059	3	12

100059	5	10

100059	6	10

100059	2	14

100059	1	14

100059	2	10

100059	7	13

100059	4	11

100059	6	12

100059	2	14

100059	1	12

100059	4	11

100059	2	15

100059	6	12

100059	4	12

100059	2	13

100060	5	8

100060	6	15

100060	3	10

100060	3	12

100060	0	9

100060	5	11

100060	5	12

100060	4	13

100060	5	9

100060	6	13

100060	0	12

100060	1	13

100060	0	15

100060	1	11

100060	5	10

100060	7	11

100061	4	14

100061	3	12

100061	1	12

100061	7	8

100061	7	11

100061	1	13

100061	3	14

100061	4	14

100061	6	8

100061	6	13

100061	5	15

100061	0	11

100061	1	14

100061	7	11

100061	3	11

100061	2	8

100062	7	9

100062	7	15

100062	4	14

100062	0	13

100062	5	8

100062	7	10

100062	2	14

100062	4	9

100062	2	8

100062	6	14

100062	3	11

100062	7	11

100062	3	10

100062	6	15

100062	4	13

100062	0	9

100063	5	8

100063	0	12

100063	4	14

100063	6	11

100063	1	10

100063	3	13

100063	3	9

100063	3	15

100063	4	11

100063	2	15

100063	3	10

100063	2	13

100063	7	10

100063	1	8

100063	0	15

100063	0	11

100064	4	12

100064	4	13

100064	7	10

100064	4	12

100064	3	9

100064	7	11

100064	4	13

100064	2	10

100064	1	12

100064	1	8

100064	1	11

100064	3	13

100064	4	15

100064	6	8

100064	0	14

100064	2	8

100065	3	8

100065	6	8

100065	3	15

100065	4	14

100065	3	9

100065	7	9

100065	2	9

100065	4	14

100065	5	15

100065	6	8

100065	7	10

100065	1	10

100065	7	13

100065	6	13

100065	3	13

100065	1	8

100066	1	12

100066	4	13

100066	5	13

100066	3	12

100066	2	8

100066	7	15

100066	7	12

100066	0	14

100066	2	9

100066	7	10

100066	5	14

100066	1	10

100066	2	9

100066	4	12

100066	2	14

100066	0	11

100067	5	13

100067	5	14

100067	5	14

100067	7	9

100067	3	13

100067	2	9

100067	4	10

100067	4	8

100067	7	8

100067	0	10

100067	1	14

100067	4	15

100067	5	9

100067	1	11

100067	6	11

100067	2	12

100068	3	10

100068	7	14

100068	7	15

100068	2	10

100068	7	15

100068	2	15

100068	1	11

100068	3	11

100068	0	11

100068	3	8

100068	7	8

100068	6	11

100068	5	8

100068	1	9

100068	6	13

100068	7	12

100069	7	12

100069	3	12

100069	7	11

100069	6	10

100069	5	14

100069	1	15

100069	3	11

100069	7	15

100069	0	9

100069	3	14

100069	7	10

100069	2	13

100069	7	11

100069	5	13

100069	0	11

100069	3	14

100070	4	15

100070	1	14

100070	3	13

100070	3	14

100070	2	14

100070	7	14

100070	3	11

100070	2	14

100070	2	14

100070	1	8

100070	0	13

100070	1	12

100070	1	14

100070	6	12

100070	3	15

100070	3	13

100071	1	14

100071	5	12

100071	0	9

100071	3	14

100071	7	14

100071	5	10

100071	5	13

100071	1	12

100071	3	15

100071	0	12

100071	3	10

100071	2	12

100071	1	8

100071	7	12

100071	6	11

100071	3	10

100072	6	14

100072	5	12

100072	2	15

100072	2	8

100072	4	14

100072	4	8

100072	4	13

100072	3	10

100072	2	14

100072	1	15

100072	4	14

100072	1	14

100072	1	11

100072	6	11

100072	4	10

100072	6	11

100073	7	8

100073	2	12

100073	3	9

100073	5	8

100073	7	12

100073	0	11

100073	5	12

100073	0	10

100073	4	13

100073	1	8

100073	3	13

100073	4	15

100073	5	10

100073	5	12

100073	1	14

100073	6	12

100074	5	8

100074	3	8

100074	2	13

100074	7	11

100074	0	9

100074	7	10

100074	3	12

100074	6	10

100074	4	15

100074	1	10

100074	5	8

100074	0	15

100074	1	10

100074	5	8

100074	1	13

100074	5	12

100075	4	11

100075	2	10

100075	4	15

100075	5	12

100075	2	15

100075	6	10

100075	6	8

100075	3	10

100075	6	9

100075	1	9

100075	0	14

100075	0	14

100075	6	11

100075	3	12

100075	2	15

100075	6	12

100076	5	8

100076	5	10

100076	5	8

100076	7	9

100076	3	9

100076	5	11

100076	3	13

100076	0	15

100076	1	9

100076	1	14

100076	3	13

100076	1	8

100076	4	14

100076	4	10

100076	6	13

100076	5	11

100077	3	8

100077	1	11

100077	6	11

100077	6	13

100077	6	15

100077	0	8

100077	7	10

100077	6	12

100077	5	8

100077	1	11

100077	7	10

100077	0	13

100077	0	14

100077	7	14

100077	7	12

100077	6	11

100078	1	15

100078	3	9

100078	3	9

100078	3	14

100078	1	8

100078	6	9

100078	6	14

100078	4	11

100078	4	8

100078	6	9

100078	1	11

100078	2	14

100078	7	11

100078	6	9

100078	2	10

100078	6	11

100079	5	15

100079	5	8

100079	0	10

100079	3	11

100079	3	14

100079	6	8

100079	6	11

100079	6	11

100079	6	15

100079	4	9

100079	7	12

100079	1	9

100079	2	14

100079	2	12

100079	4	12

100079	4	9

100080	1	10

100080	3	11

100080	3	15

100080	5	9

100080	0	12

100080	6	9

100080	6	13

100080	0	12

100080	1	10

100080	0	13

100080	0	10

100080	6	15

100080	0	9

100080	5	9

100080	1	10

100080	5	9

100081	5	10

100081	1	9

100081	0	14

100081	2	14

100081	3	10

100081	3	15

100081	5	13

100081	2	9

100081	6	12

100081	6	10

100081	0	12

100081	4	9

100081	1	11

100081	0	11

100081	2	12

100081	5	11

100082	2	10

100082	4	13

100082	7	8

100082	5	9

100082	5	15

100082	3	10

100082	1	9

100082	1	13

100082	7	14

100082	2	14

100082	4	8

100082	6	15

100082	5	8

100082	0	14

100082	7	8

100082	5	10

100083	6	14

100083	1	14

100083	0	13

100083	3	13

100083	3	8

100083	2	13

100083	7	8

100083	3	14

100083	4	15

100083	3	9

100083	4	14

100083	5	10

100083	4	15

100083	6	13

100083	1	13

100083	5	15

100084	0	8

100084	7	9

100084	6	11

100084	1	15

100084	6	12

100084	3	10

100084	0	12

100084	5	11

100084	0	12

100084	2	12

100084	0	9

100084	5	8

100084	2	8

100084	5	8

100084	7	8

100084	0	15

100085	0	15

100085	2	9

100085	2	13

100085	0	12

100085	2	11

100085	7	15

100085	1	15

100085	5	14

100085	1	8

100085	3	14

100085	5	10

100085	4	10

100085	3	15

100085	6	13

100085	6	11

100085	5	10

100086	7	12

100086	2	13

100086	3	11

100086	1	15

100086	7	10

100086	2	14

100086	5	11

100086	6	15

100086	1	12

100086	2	14

100086	0	12

100086	5	13

100086	7	14

100086	3	11

100086	7	15

100086	5	8

100087	7	14

100087	0	11

100087	7	11

100087	5	10

100087	4	9

100087	2	8

100087	7	12

100087	6	15

100087	6	11

100087	7	10

100087	6	8

100087	2	13

100087	7	9

100087	5	12

100087	2	12

100087	2	10

100088	3	8

100088	3	13

100088	3	8

100088	3	9

100088	2	12

100088	6	9

100088	4	10

100088	7	11

100088	5	11

100088	6	9

100088	3	10

100088	3	10

100088	1	12

100088	7	15

100088	3	12

100088	2	10

100089	4	15

100089	5	9

100089	5	9

100089	2	13

100089	6	13

100089	1	11

100089	5	13

100089	3	15

100089	5	9

100089	2	14

100089	0	15

100089	0	9

100089	0	9

100089	5	11

100089	3	8

100089	7	14

100090	7	13

100090	6	13

100090	4	9

100090	5	11

100090	5	15

100090	0	11

100090	5	14

100090	7	14

100090	6	11

100090	5	11

100090	5	14

100090	1	10

100090	6	13

100090	4	14

100090	4	15

100090	0	8

100091	6	14

100091	0	15

100091	7	10

100091	4	8

100091	5	15

100091	3	15

100091	4	13

100091	2	10

100091	3	15

100091	2	14

100091	3	13

100091	0	13

100091	7	13

100091	2	9

100091	2	15

100091	6	11

100092	1	14

100092	7	9

100092	7	8

100092	6	14

100092	5	11

100092	2	10

100092	3	14

100092	6	9

100092	6	10

100092	0	15

100092	1	15

100092	6	13

100092	0	8

100092	3	10

100092	0	14

100092	1	13

100093	6	14

100093	3	15

100093	6	13

100093	7	13

100093	2	13

100093	6	12

100093	4	8

100093	1	10

100093	4	15

100093	6	10

100093	0	15

100093	2	15

100093	7	14

100093	4	8

100093	0	15

100093	1	15

100094	2	9

100094	6	12

100094	3	14

100094	2	10

100094	5	13

100094	1	11

100094	3	10

100094	0	14

100094	0	15

100094	1	8

100094	1	14

100094	6	8

100094	6	13

100094	7	8

100094	4	11

100094	6	15

100095	1	13

100095	0	13

100095	7	13

100095	0	9

100095	5	13

100095	6	14

100095	1	9

100095	2	10

100095	3	11

100095	1	12

100095	5	8

100095	4	15

100095	4	15

100095	0	8

100095	7	8

100095	6	13

100096	7	15

100096	7	12

100096	0	14

100096	0	11

100096	1	8

100096	7	15

100096	3	12

100096	0	11

100096	1	12

100096	7	13

100096	6	15

100096	4	9

100096	3	9

100096	2	12

100096	1	8

100096	1	10

100097	1	10

100097	7	15

100097	7	10

100097	4	9

100097	4	15

100097	1	12

100097	0	12

100097	2	13

100097	7	11

100097	4	10

100097	3	13

100097	2	14

100097	1	8

100097	0	8

100097	7	11

100097	1	11

100098	6	8

100098	7	14

100098	6	11

100098	4	11

100098	7	10

100098	0	14

100098	1	14

100098	5	15

100098	2	10

100098	0	11

100098	2	14

100098	4	9

100098	3	15

100098	7	9

100098	1	10

100098	0	14

100099	1	9

100099	3	11

100099	4	10

100099	0	14

100099	3	11

100099	7	8

100099	3	8

100099	3	12

100099	0	11

100099	4	15

100099	4	10

100099	5	13

100099	1	11

100099	6	9

100099	7	8

100099	2	15

100100	1	13

100100	2	14

100100	2	12

100100	7	9

100100	7	13

100100	6	8

100100	7	9

100100	7	13

100100	7	11

100100	7	8

100100	7	11

100100	3	12

100100	7	14

100100	7	12

100100	4	11

100100	1	12

